url,sha,name,#tests,#tests_run_twice,#tests_run_twice_count_put_as_one,#tests_run_once,#tests_run_once_count_put_as_one,#ni,#ni_count_put_as_one
git@github.com:0xHJK/music-dl,883b643d62c63496572f5b883f76359324a5c853,music-dl,12,12,12,0,0,0,0
git@github.com:1313e/CMasher,fccda3b76ac93e089f34be572b984b7718076756,CMasher,110,66,31,44,44,0,0
git@github.com:1313e/mpi4pyd,bd5fa6ae3daaa95a8bf508a77242c9376014bc73,mpi4pyd,47,35,35,12,12,0,0
git@github.com:AGTGreg/runium,ba89015859976d3426d25a53af5fa4d8827c7483,runium,40,40,40,0,0,0,0
git@github.com:AKuederle/flask-template-master,d6d8d2747eccc6629658caf4295106db1b3326a1,flask-template-master,13,13,13,0,0,0,0
git@github.com:ARMmbed/mbed-cli,8c0256e0ce96707cbd703ec7bed25f2af0df331b,mbed-cli,40,40,10,0,0,0,0
git@github.com:AdventielFr/ecs-crd-cli.git,7b296c64086a204d3540da272e3d8dd74721c6c4,ecs-crd-cli.git,60,60,60,0,0,0,0
git@github.com:AguaClara/aguaclara,9ee3d1d007bc984b73b19520d48954b6d81feecc,aguaclara,404,195,11,209,209,1,1
git@github.com:AguaClara/aguaclara_design,9ee3d1d007bc984b73b19520d48954b6d81feecc,aguaclara_design,404,195,11,209,209,1,1
git@github.com:AlJohri/gsmls,04f9ce71f572686f785266a766f8a3dfd42cf152,gsmls,1,1,1,0,0,0,0
git@github.com:Alexei-Kornienko/schematics_to_swagger,d9c1c9e43a25c5a4ff60701b3bf22fc039c815c2,schematics_to_swagger,7,7,7,0,0,0,0
git@github.com:AndrewRPorter/wiki-futures,ae6bec3aafa7c2b881b2653eae1eb528f9b63bc7,wiki-futures,6,6,6,0,0,0,0
git@github.com:AppliedAcousticsChalmers/levitate,f6b2b2666e82bbff0ef5664aa687bb87876467cb,levitate,768,768,61,0,0,0,0
git@github.com:Arlus/mpesa-py,2844ac9c1dea57507808b0d65f3e134238adc5bb,mpesa-py,8,0,0,8,8,0,0
git@github.com:AshtonUPS/Py-MI-PS,2d22327c75bac1b58a4804a61e7a703ecc5ba978,Py-MI-PS,74,2,2,72,72,1,1
git@github.com:AuraiProject/freesia,16834c17725edac74eb50fc5ce2ff1db6f3f4840,freesia,14,0,0,14,14,0,0
git@github.com:Axonius/axonius_api_client,ad0b09496fb218ab9169b1a348cd39967d626100,axonius_api_client,1,0,0,1,1,0,0
git@github.com:BMeu/EasyJWT,49e888f5441b72c88ddf659c32b4f3096063f0e5,EasyJWT,89,0,0,89,89,0,0
git@github.com:Backblaze/b2-sdk-python,1984e90256ff7c4233d25e2485493057f9364dd6,b2-sdk-python,640,1,1,639,639,0,0
git@github.com:BastiTee/pype,b0dd086ed180e17b22c6e7b23a730af35ae0d0eb,pype,38,38,38,0,0,1,1
git@github.com:BbsonLin/flask-request-logger,26b87d56cf1dffb3f8d6a2ca8c2b1873b9d6a65e,flask-request-logger,6,6,6,0,0,1,1
git@github.com:BorePlusPlus/whippet,596667d234c5007540106b1b67fc2daeff87da60,whippet,21,21,19,0,0,0,0
git@github.com:BradenM/pydngconverter,2cb8e3dcd962e3c4089001ab50c07f804aa7fa5a,pydngconverter,7,7,7,0,0,0,0
git@github.com:Burnysc2/python-sc2,78d2ebe5c87aa9abc1e8a505f095ccd5e9dec358,python-sc2,165,165,29,0,0,70,2
git@github.com:CD3/pyAssignment,f2e837d624bfde41724da38e30f0fc9422fb355c,pyAssignment,63,63,63,0,0,0,0
git@github.com:CIMAC-CIDC/schemas,c2b011f49361e01a2816076b9436ae46d71ba0db,schemas,328,328,109,0,0,0,0
git@github.com:COMBAT-TB/tbvcfreport,f0f932667581433089e02b49e1aaee1bb4984502,tbvcfreport,2,0,0,2,2,0,0
git@github.com:Celeo/Prest,7c94bf0b7dabecad0bd8b66229b2906dabdb8e79,EVEPrest,13,13,13,0,0,0,0
git@github.com:CellProfiler/centrosome,878a4ef7c3d39dcab893ed27838c9338c5721c5b,centrosome,14,0,0,14,14,0,0
git@github.com:Chenyao2333/poker,49c0b791ac7caf86f946f06f5ff929120b3eb324,poker,18,1,1,17,17,0,0
git@github.com:ChrisCummins/emu,3fa30e7a0d56b4f05deaebc05df64a22d708a63c,emu,13,13,13,0,0,0,0
git@github.com:CitrineInformatics/citrine-python,8fec512d0261ab7a5a94f5354022519a1dd81146,citrine-python,20,0,0,20,20,0,0
git@github.com:Cloudzero/samwise,3aa79ba20f3a151be3fd691bd5f6f5f250d16334,samwise,12,11,9,1,1,0,0
git@github.com:Cognexa/plcx,2756c0ba78c4c9e572d95ba002708957bc55d4fa,plcx,83,83,20,0,0,0,0
git@github.com:ConSou/devtracker,ea892d6d48aa5d4627b429469b59ae3f0ce7f10f,devtracker,19,19,19,0,0,2,2
git@github.com:ContinuumIO/intake-avro,6b190edc24af86118ae930a13f955d9411810143,intake-avro,3,3,3,0,0,0,0
git@github.com:Cornices/cornice.ext.swagger,17a63e86751c7d8f1b2b75d49056161c80f4cef2,cornice.ext.swagger,105,0,0,105,105,0,0
git@github.com:Craven-Biostat-Lab/mihifepe,7f03e4413d1e42e9265d790cb64c41f34dbea5ab,mihifepe,1,0,0,1,1,0,0
git@github.com:CrystalPea/pytest-easyread,ca2de6b516a8d56052200f18ce4ad46d96ecf7c6,pytest-easyread,9,9,9,0,0,0,0
git@github.com:CtheSky/namecom,16ad4a60a0d4b6d1fea2eed57674d5b020e272cf,namecom,34,0,0,34,34,0,0
git@github.com:CyberZHG/keras-bert,e9ccba8ed56b52102bfd08fd231bf9b79d7e0e3e,keras-bert,13,0,0,13,13,0,0
git@github.com:CyberZHG/keras-layer-normalization,12262dc34333f27b6b809a643b1906c9ed2d5cd9,keras-layer-normalization,1,0,0,1,1,0,0
git@github.com:CyberZHG/keras-pos-embd,7f9d179d361a094272ba87eaae7cdeb935b35c72,keras-pos-embd,2,0,0,2,2,0,0
git@github.com:CyberZHG/keras-trans-mask,7d5420b2ac15ffba73ab4add7a17f1eb635a473c,keras-trans-mask,1,0,0,1,1,0,0
git@github.com:CyberZHG/keras-transformer,d84a50fd1986a7b343d2db024b60bfe5f3dc276b,keras-transformer,7,0,0,7,7,0,0
git@github.com:CyberZHG/keras-transformer-xl,72c0072a71384a360c72522dec21f37293d1ba84,keras-transformer-xl,6,0,0,6,6,0,0
git@github.com:CyberZHG/mxnet-octave-conv,5bbe5aa0cc6f43f242cb4a656495df70e3198f1b,mxnet-octave-conv,3,0,0,3,3,0,0
git@github.com:CyberZHG/torch-embed-sim,ace404f9cca0d47aa3efcf4e819bcd48899e4e35,torch-embed-sim,1,0,0,1,1,0,0
git@github.com:CyberZHG/torch-gpt-2,92dd7ab7f83630500805ebf0c647f3fb940ca3ab,torch-gpt-2,3,0,0,3,3,0,0
git@github.com:CyberZHG/torch-layer-normalization,89f405b60f53f85da6f03fe685c190ef394ce50c,torch-layer-normalization,5,0,0,5,5,0,0
git@github.com:Cymmetria/honeycomb,33ea91b5cf675000e4e85dd02efe580ea6e95c86,honeycomb,34,34,34,0,0,0,0
git@github.com:DanielSank/observed,d99fb99ff2a470a86efb2763685e8e2c021e799f,observed,5,5,5,0,0,1,1
git@github.com:DenisCarriere/geocoder,39b9999ec70e61da9fa52fe9fe82a261ad70fa8b,geocoder,105,105,105,0,0,0,0
git@github.com:DevKeh/redisqueue,feac4dfc30837e0ab1a55a8479443ea74b2793f2,redisqueue,5,5,5,0,0,2,2
git@github.com:Diaoul/subliminal,a4113adb745dc5cd2da7254ee14802077237bb15,subliminal,1,0,0,1,1,0,0
git@github.com:DobromirM/Predictive-Hyperparameter-Optimisation,b34bfae356a75f12e4dc8a6615568fdbd28943cb,Predictive-Hyperparameter-Optimisation,2,0,0,2,2,0,0
git@github.com:Domain-Connect/domainconnect_python,b2b3b2d4e279b596c7870f1bad9d168bf55cf3e9,domainconnect_python,10,0,0,10,10,0,0
git@github.com:DusanMadar/PySyncDroid,9a217a54f4286af8e7505c184eb2a6775f52d815,PySyncDroid,63,0,0,63,63,0,0
git@github.com:ECSHackWeek/impedance.py,d1019c161be9e967ae227117b72acae4351e198f,impedance.py,28,28,28,0,0,0,0
git@github.com:EPAENERGYSTAR/epathermostat,ff32be0c1e751806f644ce8ff31fcbac05ccfde8,epathermostat,1,0,0,1,1,0,0
git@github.com:ElementAI/greensim,f160e8b57d69f6ef469f2e991cc07b7721e08a91,greensim,114,114,114,0,0,0,0
git@github.com:ElliotVilhelm/python-domain-validation,941a6ae29c565f49e98f106b427624874b47f973,domain-validation,7,7,7,0,0,0,0
git@github.com:Ensembl/ols-client,1ec1524449cf35b6c17cf4be7071b6fde539521b,ols-client,21,0,0,21,21,0,0
git@github.com:Erik-White/ColonyScanalyser,38034b7d62a7c4f72a9f6981d0218c23f22cc7c8,ColonyScanalyser,459,459,187,0,0,0,0
git@github.com:Fabio-CS/alertlogicAPI,8c5176ea611479aeb5475d6fd98f2a3688a7a631,alertlogicAPI,159,15,15,144,144,0,0
git@github.com:FoteinosMerg/pymerkle,5318009e04b2ae44e194b8435ef181aa67ab8b9a,pymerkle,15692,15692,176,0,0,1,1
git@github.com:GClunies/noaa_coops,81dc986313bf89466760892dd7fe2653d9b49dda,noaa_coops,2,1,1,1,1,0,0
git@github.com:GClunies/py_noaa,adad099a41ce21c81b62843530c50137b7fe59e9,py_noaa,2,1,1,1,1,0,0
git@github.com:Galbar/norfs,5cb9458d8eb5bf4af14603307946646350746a8f,norfs,148,0,0,148,148,0,0
git@github.com:Galbar/singlepy,fa001b8cb815a68ecd3e790a1f8a5ac5ce045daa,singlepy,6,0,0,6,6,0,0
git@github.com:Geosyntec/wqio,8fcd57cc8b8365208eeee0162438307db0ca0dbb,wqio,686,686,343,0,0,1,1
git@github.com:GreenBuildingRegistry/yaml-config,558022920cb148dd413d1bd2854756c055d62044,yaml-config,22,0,0,22,22,0,0
git@github.com:Gsllchb/DotDot,89a6f7a86866de9c348f7e91da57c359c94568db,DotDot,4,4,4,0,0,0,0
git@github.com:HarryShomer/Hockey-Scraper,a829e0a0fe4bf548109863031ea9987abc0219a0,hockey-scraper,42,42,42,0,0,0,0
git@github.com:JBielan/py_ev,0a2d48235b8ff2268254c151a179a2ece40cbd37,py_ev,16,16,16,0,0,0,0
git@github.com:JakubTesarek/colltools,e50f98ccda33ab409fcdba277a39f071824e24c7,colltools,17,17,17,0,0,0,0
git@github.com:JavierLuna/git-groomer,64a54e7db3adc1153b200b870f4bea4606504ebc,git-groomer,56,56,52,0,0,0,0
git@github.com:Jhengsh/tidyframe,aa4f8a35cb4abe4d883eb59b6ef6a920580b611f,tidyframe,5,0,0,5,5,0,0
git@github.com:JoMingyu/google-play-scraper,24f715446dedea01461ef71244795973ce673f38,google-play-scraper,19,0,0,19,19,0,0
git@github.com:JonathanVusich/litedb,2694bc39676d8398f669c0aed96aef89623dbc9a,litedb,76,68,68,8,8,0,0
git@github.com:JonathanVusich/pcpartpicker,19b505d90b2e76d747fd8b5be4d7a979da3cc365,pcpartpicker,46,0,0,46,46,0,0
git@github.com:KeithSSmith/switcheo-python,d9bb29ee48b756d469046b7871bd7f627577dc93,switcheo,6,0,0,6,6,0,0
git@github.com:KnightConan/named_enum,81452ebe233b570b21786adcfb0b15d1aeeabc82,named_enum,7,0,0,7,7,0,0
git@github.com:KorfLab/grimoire,6ebfa357e966036c846c658710c136f540290615,grimoire,34,0,0,34,34,0,0
git@github.com:KristianOellegaard/django-health-check,73e89fc3325a242eea6765e83b6bf568f72b8573,django-health-check,74,60,43,14,14,1,1
git@github.com:LCAV/pylocus,78db89636cab345cab8d61adc3accd95899e2738,pylocus,2,0,0,2,2,0,0
git@github.com:LGSInnovations/jupyter-sigplot,498cda8f3648282cba84745d97e8973d2a02ed89,jupyter-sigplot,24,24,24,0,0,0,0
git@github.com:LeBarbouze/tunacell,837d57e1e6caeddf2e6bcdd2db2986fb456dd605,tunacell,39,39,39,0,0,1,1
git@github.com:Leechael/python-cuckoo,fa7a87cd482e8a204c94b860c3066c3c1813ff36,python-cuckoo,23,23,23,0,0,0,0
git@github.com:Limych/python-beward,d7c1d12a0a39a7c60c4f278ebea009c0a5509780,python-beward,30,0,0,30,30,0,0
git@github.com:M0r13n/pyais,d2ca5ff08c532fce5da1c9d268eb453924f12a33,pyais,6,0,0,6,6,0,0
git@github.com:MATTHEWFRAZER/ploceidae,dad989756318127dc70d05b4ccdd1a3d8142dab1,ploceidae,1,0,0,1,1,0,0
git@github.com:MSLNZ/msl-loadlib,e7d84862adfd82c1a3bc9dae93008ec395a8f414,msl-loadlib,45,41,41,4,4,0,0
git@github.com:Malachov/predictit,15ff850d544d8d456e0ac0842079131c0f3db26e,predictit,10,10,10,0,0,0,0
git@github.com:Martlark/flask-ipban,882a25495be55609e5d9a058b8139b78836d64d4,flask-ipban,2,0,0,2,2,0,0
git@github.com:MechanicalRock/truffleHog,5e7f32d4005f82e66b2b9ccd44fcac8e02c1aa34,truffleHog,17,0,0,17,17,0,0
git@github.com:Menelau/DESlib,77d0ccb491c522e7505d9ac6081b72cac001cb9e,DESlib,1,0,0,1,1,0,0
git@github.com:MiCHiLU/fanstatic-tools,c075a2195c8138d103b72ef8445ef08f2a865984,fanstatic-tools,100,100,100,0,0,1,1
git@github.com:MirkoRossini/zanna,4c28b5ea3940fba69bee3fdf965a039c9b8f45c5,zanna,58,0,0,58,58,0,0
git@github.com:Mottl/GetOldTweets3,54a8e73d56953c7f664e073e121fa1413de4fbff,GetOldTweets3,2,2,2,0,0,0,0
git@github.com:NCAR/intake-cesm,00fe97676b165bf41fb985a5e03b07a4a9772b71,intake-cesm,147,147,61,0,0,0,0
git@github.com:NCAR/intake-esm,00fe97676b165bf41fb985a5e03b07a4a9772b71,intake-esm,147,147,61,0,0,0,0
git@github.com:NHERI-SimCenter/pelicun,29a3d61b9d38debfc115ce03a674a33642773ec5,pelicun,9,6,6,3,3,0,0
git@github.com:NLeSC/spreading_dye_sampler,4282f7609959a31d1b2a4832f3ed643b15c46cb6,spreading_dye_sampler,5,5,5,0,0,0,0
git@github.com:Netflix-Skunkworks/policyuniverse,b633e572ecdba45d70398ac034fb44e0e4e7dbf8,policyuniverse,32,0,0,32,32,0,0
git@github.com:Netflix/sureal,e7251384cd5f6a293e05d1450d5e8f353d137c1c,sureal,153,0,0,153,153,0,0
git@github.com:Neuraxio/Neuraxle,20c6e5713198345b43bf6899355f1b5cf65eb02c,Neuraxle,418,418,282,0,0,28,3
git@github.com:Nobatek/flask-rest-api,82127373237670840b87f1f98a446729bf85b6cf,flask-rest-api,492,492,71,0,0,0,0
git@github.com:NordicHPC/envkernel,1bc0e4e3d3fa8f086b5a4e8d9ec68f31fb500de3,envkernel,66,66,26,0,0,0,0
git@github.com:OpenDataServices/lib-cove,74ba874ec6882969894797ee0dbc5c70a16019e5,lib-cove,3,0,0,3,3,0,0
git@github.com:OpenKMIP/PyKMIP,fe60ecf02d4f29ab1c9748aaab5d3d3b0e00b5af,PyKMIP,3438,71,9,3367,3367,0,0
git@github.com:Oprax/pidom,b92741ee3c3e16cbaa2a2fa69ca1a103cfa52463,pidom,7,7,7,0,0,0,0
git@github.com:OrBin/gramhopper,9396533d10bb469c77985ad931033f400479809b,gramhopper,39,39,26,0,0,0,0
git@github.com:Osirium/vcdriver,2f311df9a73c82b5837d01bac16a10eb4db955eb,vcdriver,82,82,82,0,0,1,1
git@github.com:ParrotPrediction/pyalcs,7e5249a1df11efd71508f82330919b13def8647e,pyalcs,457,457,285,0,0,0,0
git@github.com:Parsely/serpextract,aec8f2bd79c66953938569a24b05c693ab70b4ce,serpextract,14,0,0,14,14,0,0
git@github.com:PeRDy/clinner,0a9abfb7495f76d4233523ad5fb7ce219741589f,clinner,56,56,56,0,0,0,0
git@github.com:PeRDy/task-dispatcher,947d7b91c2ab3e1891fb0fd5333a5c2a78380fea,task-dispatcher,1,0,0,1,1,0,0
git@github.com:PetterKraabol/Twitch-Python,49ddf2c826f147e009d0931eee59cf81ad5fea7d,Twitch-Python,10,0,0,10,10,0,0
git@github.com:PiotrDabkowski/torchpwl,73b09cfa9f4c173988d8f075485b887c694fc5a8,torchpwl,142,142,9,0,0,0,0
git@github.com:Poio-NLP/poio-lib,2af55c863593511dbcf4c611c9265072022d8cdb,poio-lib,17,0,0,17,17,0,0
git@github.com:PolyJIT/benchbuild,2ab959e84fc9119813c46de1034ffaefc2ee391b,benchbuild,116,54,54,62,62,1,1
git@github.com:Poogles/bloomtime,94343456192c0a4837ddad2c421d59c7a3fd02fa,bloomtime,6,6,6,0,0,0,0
git@github.com:Poogles/limitediterables,3ce3bc28d5c4092db3d5499ad60339c007f4c0e0,limitediterables,4,4,4,0,0,0,0
git@github.com:Prodesire/pydu,4a1c2f15f7274d5079fb08b02ab1dbe08c0cefef,pydu,197,166,153,31,31,3,3
git@github.com:PyDataBlog/Coinsta,7cdce24669e5ab40852f0b88329c68e5bb568f5b,Coinsta,13,0,0,13,13,0,0
git@github.com:PyFunceble/domain2idna,39a1c4e1ebb877ed511e53b618fbe437a685c970,domain2idna,15,0,0,15,15,0,0
git@github.com:Qordobacode/fitbert,4b0f2f3f47e5a3fea0ee59d65f71c44b830a93d9,fitbert,5,5,5,0,0,2,2
git@github.com:QsonLabs/qlmetrics,3a4cc70bb68ef9b476aaee562b82a4d54acfd826,qlmetrics,28,28,16,0,0,0,0
git@github.com:RBGKew/pykew,557c1852ad7a4366467e344e7a46b42549ce8694,pykew,20,20,20,0,0,0,0
git@github.com:ROldford/cycle_calendar_generator,729194154cc540a1d21fa77a77dba3ff820d56be,cycle-calendar-generator,20,0,0,20,20,0,0
git@github.com:RWTH-EBC/uesgraphs,498fc57cd251dc93f51279275a965d77775e68b8,uesgraphs,27,27,27,0,0,0,0
git@github.com:RebelCodeBase/testaid,998c827b826fe4374ecf0a234fef61a975e2fcd7,testaid,126,126,126,0,0,0,0
git@github.com:Rickecr/PyGraph,e81c3a0f543f5bfcda1a603c6dcecde13d582c57,PyGraph,58,58,58,0,0,9,9
git@github.com:Robpol86/etaprogress,224e8a248c2bf820bad218763281914ad3983fff,etaprogress,68,68,68,0,0,3,3
git@github.com:SBRG/ssbio,08c1ce375a8ee6a4b77c5d2fdc93fcb5e5fe97c0,ssbio,11,0,0,11,11,0,0
git@github.com:SamurAi-sarl/PyInvestor,09259ad387dab597a7a525ae73090dffb886968f,PyInvestor,2,0,0,2,2,0,0
git@github.com:SebastianoF/bruker2nifti,4fbac970e9125f3e53dd5e31d63b971ad739a6d2,bruker2nifti,42,42,42,0,0,0,0
git@github.com:SectorLabs/django-db-connection-retrier,515deb6c00006251a29f1809ec723c989f3c1df5,django-db-connection-retrier,3,3,3,0,0,0,0
git@github.com:SekouD/mlconjug,840e990bd96b56785a68712e9729582ede168ec2,mlconjug,1,0,0,1,1,0,0
git@github.com:SergeyPirogov/webdriver_manager,82b4657acc02ab7b3977acc26cfc62ffede8dedc,webdriver_manager,50,50,33,0,0,0,0
git@github.com:SergeyShk/ruTS,af02f627d9022f0f4825d9bed4ffc97d3d329f2d,ruTS,113,113,113,0,0,0,0
git@github.com:SimPyClassic/SimPyClassic,b59fb83742e484f2c590ed005ac911868727d59d,SimPyClassic,649,524,83,125,125,0,0
git@github.com:Stratoscale/skipper,dde3194bf6cf227b30c6e54b18c37317d2e0647e,strato-skipper,86,0,0,86,86,0,0
git@github.com:Suenweek/async-vk-api,d10cdde800e4921e13f6d258d7a9f72bb4eeb37e,async-vk-api,8,8,7,0,0,0,0
git@github.com:SurrealAI/symphony,747b87eee20d48032b4a554950687d0b1209fd24,symphony,29,8,8,21,21,1,1
git@github.com:SuryaSankar/flask-sqlalchemy-booster,e43980e29a18e725d791b87ce1b677470bbaf22c,flask-sqlalchemy-booster,12,12,12,0,0,3,3
git@github.com:Sylhare/gitlab_stats,23fbc53f30e09c122ebe8259ef6850756e454d7e,gitlab-stats,41,0,0,41,41,0,0
git@github.com:Teamworksapp/pydbvolve,e18bb8cf98997c52de0cf30a8e106c480ba0bb57,pydbvolve,64,64,64,0,0,2,2
git@github.com:Teamworksapp/region_cache,8b2ae3ce4bb348c23a84d5fec546609e80579b94,region_cache,75,75,15,0,0,0,0
git@github.com:Tedyst/HikLoad,b3eb7be65bd34040992e1b7b15f23ff4ce2e8dc4,HikLoad,2,2,2,0,0,0,0
git@github.com:Tencent/QTAF,c9141e8fbdfd89f5f13dd59dfab17f9e8193dcf8,QTAF,84,0,0,84,84,0,0
git@github.com:Tetrite/cBinder,940e8c78eb9cf2eda1bc69427a6279b8b832bfe1,cBinder,97,0,0,97,97,0,0
git@github.com:TheBestMoshe/hebcal,7d77d2137684342b91fa7402cc357316f23dcfa1,hebcal,27,27,27,0,0,0,0
git@github.com:TheodoreKrypton/JavPy,61df53aafbfbd05ed1efa8c51a08d6e9252cb533,JavPy,51,51,30,0,0,0,0
git@github.com:TralahM/pympesa,46839de00a868db0e674c6733d5daaf83293f588,pympesa,10,0,0,10,10,0,0
git@github.com:UNCG-DAISY/psi-collect,a7840fbb18cb78ce2b8c842c62199d8b9d01cb6a,psi-collect,1,0,0,1,1,0,0
git@github.com:Varkal/chuda,bd4d30c0f809d5349752ab2f322f30b01ab6b4a4,chuda,68,68,28,0,0,0,0
git@github.com:VictorDavis/legomena,274de31fdf345d440f1f8d6cb58eba836637e5a4,legomena,9,0,0,9,9,0,0
git@github.com:Vnet-as/myr-base,56e347b4f4d70f53a6afe55e96c1f9e35f5454eb,myr-base,4,4,4,0,0,0,0
git@github.com:WCraaS/wcraas_common,af209ab412c18473edfaaf2871eef9c0357b91e9,wcraas_common,1,0,0,1,1,0,0
git@github.com:WFRT/verif,dd4df8e5709e9ec1a8fe129fe9a14d4f63d93643,verif,157,0,0,157,157,0,0
git@github.com:Wats0ns/pypfm,78cccd19d7dbc73e54f8ae915c8a9a36310a8950,pypfm,1,0,0,1,1,0,0
git@github.com:WeAreDevelopers-com/extractpdf,2a1ee7640da0e9f46ae6bef7f6aeb1eb36c5f185,extractpdf,7,0,0,7,7,0,0
git@github.com:WilliamJudge94/sxdm,01414186626e1f22d51a7d25fe73f64680cb796e,sxdm,9,0,0,9,9,0,0
git@github.com:Windsooon/cherry,bc6ae1f0284d837fb95279098538530312313534,cherry,34,0,0,34,34,0,0
git@github.com:Xarrow/weibo-scraper,8d1ffc9060ae7ddba217093c23ab8111f9b351c8,weibo-scraper,14,0,0,14,14,0,0
git@github.com:Xuerui-Yang/jmcm,e82574eaad2195944ec1899a41de238f8948f554,jmcm,5,5,5,0,0,0,0
git@github.com:Yelp/kafka-utils,bde091515d1dcdd56b9272a3ab01b54742a60253,kafka-utils,498,498,471,0,0,2,2
git@github.com:Zabamund/wellpathpy,f29b14a9a1c46e77ea98b141e3cdc43674654ea2,wellpathpy,113,113,107,0,0,1,1
git@github.com:Zedelghem/spyProt,e2d978ce68ab9449acfc39dcc05b54d0c41460f6,spyProt,3,0,0,3,3,0,0
git@github.com:Zomojo/compiletools,e45c5ad452b86c1fe557961aa4ebefd3f34f6a58,compiletools,40,0,0,40,40,0,0
git@github.com:aaronn/django-rest-framework-passwordless,7fe00dfbef8d163078160c7f317b26ed630fc8cc,django-rest-framework-passwordless,25,0,0,25,25,0,0
git@github.com:abeelen/nikamap,d39c488c89bf5d90fffe3c05580fc13551522ee5,nikamap,96,96,52,0,0,1,1
git@github.com:abhinavsingh/proxy.py,9b4263777bea7b3e00a1a3546511f2117f210a2b,proxy.py,121,0,0,121,121,0,0
git@github.com:aboucaud/pypher,32f606ded9276ab28c86aefadd8b9261de10aebe,pypher,28,28,16,0,0,0,0
git@github.com:acsone/odoo-autodiscover,b7c6869ec34a7c141b207abc0971eadccd3a0316,odoo-autodiscover,14,14,1,0,0,0,0
git@github.com:acsone/setuptools-odoo,f3a0d7132c187a5c5620e6cf3ecae70b90831f7c,setuptools-odoo,33,15,15,18,18,0,0
git@github.com:adamcaudill/yawast,5e9e7a37831c030530adb971925ee135e9bfcafb,yawast,7,0,0,7,7,0,0
git@github.com:addisonlynch/iexfinance,e502c671643a10121dd423c5665adc56b982199b,iexfinance,279,279,136,0,0,0,0
git@github.com:adlibre/python-bureaucrat,530ceb2b3e69ea8645ecd3687c58d2c7b47a24fe,python-bureaucrat,4,4,4,0,0,0,0
git@github.com:agile4you/bottle-neck.git,ebc670a4b178255473d68e9b4122ba04e38f4810,bottle-neck.git,21,21,21,0,0,1,1
git@github.com:aguiardafa/projetopytools,fffbd8090b30395ffc1294e0e28348d4fde10e85,projetopytools,16,16,12,0,0,0,0
git@github.com:aguinane/bomweather,cfe945a64900a9207a44c42551ec2c365916b7d2,bomweather,6,6,6,0,0,0,0
git@github.com:ahopkins/pydiggy,29bd5694f2e4564118683f3ccc06c5f7128d3028,pydiggy,5,4,4,1,1,0,0
git@github.com:aioworkers/aioworkers-mongo,552d7721c244740fb101c25f1ae4e1f6c7d04357,aioworkers-mongo,6,2,2,4,4,0,0
git@github.com:aioworkers/aioworkers-orm,a470eaf2298e30b6c8e1e91034e50c064f07a3de,aioworkers-orm,30,9,9,21,21,0,0
git@github.com:aioworkers/aioworkers-prometheus,91915e094239ae01b3db432dbff5afd34ab36984,aioworkers-prometheus,17,2,2,15,15,2,2
git@github.com:aioworkers/aioworkers-tg,eccd0704c6b98956aa4a9f0dc89b1300138d113e,aioworkers-tg,2,0,0,2,2,0,0
git@github.com:airbrake/pybrake,9bf82941d8bf521055b258cea91596a11e4eb81f,pybrake,39,39,27,0,0,1,1
git@github.com:airspeed-velocity/asv,a131ca742daf53c4521fbfefeb53507b5c140c84,asv,215,215,181,0,0,0,0
git@github.com:aitgon/wopmars,33680f94163d82ce43557cf7f87a5f9ead496fdc,wopmars,54,0,0,54,54,0,0
git@github.com:alecthomas/importmagic,c00f2b282d933e0a9780146a20792f9e31fc8e6f,importmagic,74,74,74,0,0,0,0
git@github.com:alefnula/tea,f5a0a724a425ec4f9dd2c7fe966ef06faf3a15a3,tea,123,95,53,28,28,0,0
git@github.com:alejgh/pylat,7fcb1220dd8464ec5b6fb36449ecd2fe9f9927d0,pylat,9,0,0,9,9,0,0
git@github.com:alexandrainst/danlp,0c7169e4c8b0595205fbb7bdf64ce4f2ca79edcc,danlp,26,0,0,26,26,0,0
git@github.com:alexrudy/supertunnel,4c64e2fedda3382b809a2c3d01c711ec4961f933,supertunnel,80,80,40,0,0,0,0
git@github.com:alfacoins/alfacoins-api-python,e0ae740812693bb42a729aa809358233130987a1,alfacoins-api-python,10,0,0,10,10,0,0
git@github.com:aluriak/genhtml-markdown,67c903bce9e85184a5897bdc78106a8f2ec24902,genhtml-markdown,4,4,4,0,0,0,0
git@github.com:aluttik/kitsune,43824cccf46f433a71b30a7febc0e3500b831067,kitsune,2,2,2,0,0,1,1
git@github.com:amogorkon/fuzzylogic,58bd23aeb4b6bf39bd950bcf468b0c2f5c649e69,fuzzylogic,58,3,3,55,55,0,0
git@github.com:andim/noisyopt,625b874918ac5926c3bf05d869e914cbddfffe20,noisyopt,6,6,6,0,0,0,0
git@github.com:andreycizov/python-xrpc,ed403ae74d5e89e0ebac68bcc58591d6b32742ff,python-xrpc,102,0,0,102,102,0,0
git@github.com:arose13/rosey,c35398b4ad4f334f4b40a075d18b33a262ce1d7d,rosey,4,4,4,0,0,0,0
git@github.com:ashon/metropolis,2ef1b672bb22ffac2fe6d10d2b96393fc4f76729,metropolis,9,0,0,9,9,0,0
git@github.com:astropenguin/ndradex,0d1a1ed52296f7d4d38254ad081aabff8e923182,ndradex,1,0,0,1,1,0,0
git@github.com:astropy/astropy-helpers,e490b7636c73bf6e829cd00390018bf549702892,astropy-helpers,31,31,22,0,0,0,0
git@github.com:attzonko/mmpy_bot,4faa19a9e04c75af94c45c24dbd0c9d9ecb867d4,mmpy_bot,35,35,35,0,0,0,0
git@github.com:auth0/auth0-python,1571b18535c46502e39e70f988f96624f2dfef21,auth0-python,268,0,0,268,268,0,0
git@github.com:autochthe/kismet-py,12c063b1f17d084d978ae8fe8405fd1527a82e15,kismet-py,1,0,0,1,1,0,0
git@github.com:autodesk/pyccc,011698e78d49a83ac332e0578a4a2a865b75ef8d,pyccc,131,131,49,0,0,0,0
git@github.com:automl/pybnn,6bd277421b83f882fa43d8dad2b7851b9682aa4b,pybnn,17,0,0,17,17,0,0
git@github.com:avature/confight,be2d162c99cc3c709289913de137f8d8bfbd35d5,confight,61,61,46,0,0,0,0
git@github.com:avwx-rest/avwx-engine,ed1d3e9a91fe0431e701caac4fc02ff2bfaecc04,avwx-engine,182,0,0,182,182,0,0
git@github.com:bakwc/PySyncObj,792b6112cfa234716f5e0408194114f1abc8b1ad,PySyncObj,36,36,36,0,0,0,0
git@github.com:bankroll-py/bankroll,f1f147143e0fc8380267bee91da7d6fb4f409ada,bankroll,2,0,0,2,2,0,0
git@github.com:barseghyanartur/pif,6c21477af3e0ce39b5ddb41459d72f80e8d76fb4,pif,7,0,0,7,7,0,0
git@github.com:barseghyanartur/transliterate,9333f242df3f97c1780c4c117f080007f833b69e,transliterate,48,0,0,48,48,0,0
git@github.com:bazaar-projects/docopt-ng,bbed40a2335686d2e14ac0e6c3188374dc4784da,docopt-ng,222,47,47,175,175,1,1
git@github.com:bbrzycki/setigen,30acd4645896d07c660be2ba00542f64b5c64316,setigen,10,10,10,0,0,0,0
git@github.com:bcliang/gamry-parser,0e1f81fb8fd3e433e0df945a85b133ed70a416e4,gamry-parser,18,0,0,18,18,0,0
git@github.com:beatsbears/pyburstlib,27722f7f3bb0bc5739110f6c99435d13fa54a1e0,pyburstlib,55,55,55,0,0,0,0
git@github.com:ben-dichter-consulting/ndx-bipolar-referencing,7f24be3b82c7f2adc1afef6a44a58bea264e384a,ndx-bipolar-referencing,1,1,1,0,0,0,0
git@github.com:bendudson/freegs,87bc845a8c1f4f48249c6fd930bc97b436468dd2,freegs,42,42,42,0,0,0,0
git@github.com:benjaminp/six,c0be8815d13df45b6ae471c4c436cce8c192245d,six,200,200,72,0,0,1,1
git@github.com:bennymeg/Butter.MAS.PythonAPI,f86ebe75df3826f62a268645cdbe4400b43fab07,Butter.MAS.PythonAPI,208,0,0,208,208,0,0
git@github.com:billychasen/billots,9df622be6f1a5d94bee70ce4832f3b56b746ce69,billots,8,0,0,8,8,0,0
git@github.com:binaryart/sparks,387e9070d291e63c08f9ee46514da62457b421b9,sparks,15,15,4,0,0,0,0
git@github.com:binste/hypernotes,4c9b82b7431f6af565318df58c03e764e9490eff,hypernotes,15,15,15,0,0,0,0
git@github.com:biolink/ontobio,ade3d89729bce16e39073ede2c0f253f309dc299,ontobio,45,0,0,45,45,0,0
git@github.com:block-cat/sf-sdk,6c7eea2c4ee0b2aa42b90047362af716364a6d56,sf-sdk,5,0,0,5,5,0,0
git@github.com:bmweiner/skillful,8646f54faf62cb63f165f7699b8ace5b4a08233c,skillful,87,0,0,87,87,0,0
git@github.com:boatd/boatd,bfd389f980d6c8cfd8e036dc1be1e746e891968b,boatd,35,0,0,35,35,0,0
git@github.com:bofm/python-caching,16de50c119f8896e923e3f10488ecf6ffe535f45,caching-py35,79,79,30,0,0,0,0
git@github.com:bond005/impartial_text_cls,d7503c55388625b988098b307350b1f899e48e3c,impartial_text_cls,1,0,0,1,1,0,0
git@github.com:boy-hack/hack-requests,f78ebc36edb08308222b00239850cefe87c77fb6,hack-requests,10,0,0,10,10,0,0
git@github.com:bpepple/metron-tagger,2be176293218fa101dd84c95c72b8ae646b2731a,metron-tagger,24,24,24,0,0,1,1
git@github.com:bprinty/iso.git,1b62a0e65e0d273440c4461f26c9bd8911069e31,iso.git,38,0,0,38,38,0,0
git@github.com:brahle/data_partitioner,c37bca05576648c3f69f8694951bb2ae9ea9ed21,data-partitioner,18,0,0,18,18,0,0
git@github.com:brettvanderwerff/Flaskerizer,5a9724804f4e479fc3289e8644dc788adfeff06d,Flaskerizer,6,0,0,6,6,0,0
git@github.com:brian-team/brian2modelfitting,7f01463bf5be47cc82e26f033819c8a82cefac2b,brian2modelfitting,306,306,89,0,0,0,0
git@github.com:briancappello/flask-unchained,9004dc99db14813e20bea8c4023a45aa3a120965,flask-unchained,422,366,366,56,56,0,0
git@github.com:browsertron/pytest-parallel,388e1941f3bc6ce8ce40eb95bbbe53e743e47226,pytest-parallel,30,30,14,0,0,0,0
git@github.com:brucehe3/ebaipy,2fc6740ee5355948ca2e7f2874ee5edb9acbd578,ebaipy,8,0,0,8,8,0,0
git@github.com:bubylou/scsm,a67059c398b40e31296faea25ae20d3dc78070bd,scsm,58,58,53,0,0,0,0
git@github.com:butla/mountepy,796595f0011cc4a62cd7796dd71c3681008a4731,mountepy,26,26,25,0,0,2,1
git@github.com:bwohlberg/sporco,efd9237ec0d254e2ff630ad0ac17eb8dc566c586,sporco,405,405,405,0,0,0,0
git@github.com:caas-one/crossplane,d5b39fcae31cd0c26af5d425fa7cb591d1ee91ee,crossplane,44,44,44,0,0,0,0
git@github.com:cahoy/NestedDictionary,881f0ea8af36a60fcd1b9d7a84b1aec4cd7072b2,NestedDictionary,29,29,29,0,0,1,1
git@github.com:casamagalhaes/panamah-sdk-python,746f3fb7ebcf01810917bf9afa8e7ff5a4efad21,panamah-sdk-python,23,1,1,22,22,0,0
git@github.com:castelao/supportdata,d0b878e2779120f3cdd2d5a241addc18e26f8616,forkliftpy,5,5,5,0,0,0,0
git@github.com:cbirajdar/cricket-cli,fb0c8752aef14f2e30f7c0e772486a23c7e4a14d,cricket-cli,4,0,0,4,4,0,0
git@github.com:cbornet/python-httpproblem,0b08139277e9cba02339eeb0996c0910d047274a,httpproblem,18,18,11,0,0,0,0
git@github.com:cbsinteractive/elemental.git,ca570c9f5fc43e20a4db23fc0137380f87be63f0,elemental.git,22,22,22,0,0,0,0
git@github.com:cdent/gabbi,8aa4e70a000882e6a177bf9ebaa9a8dbc3ca4413,gabbi,286,130,5,156,156,0,0
git@github.com:cdgriffith/Reusables,171ea3dc10a37ed46ff833c48926a995496d2fc6,Reusables,126,0,0,126,126,0,0
git@github.com:cdqa-suite/cdQA,40387925db8f0da44a5bd2fe549cde675a92d479,cdQA,3,0,0,3,3,0,0
git@github.com:ceccoemi/gpyocr,b1155499d227f4203b4cc92934760ae4ab407023,gpyocr,22,22,12,0,0,0,0
git@github.com:cesar-rodriguez/terrascan,fd4ca9d23e694185fd5cb9ddf357b52b15adc6ca,terrascan,3,3,3,0,0,0,0
git@github.com:chakki-works/chazutsu,734828f2f05799a1d59d9280a032bf5996fe3261,chazutsu,50,0,0,50,50,0,0
git@github.com:chaosmail/python-fs,2567922ced9387e327e65f3244caff3b7af35684,pyfs,61,61,61,0,0,7,7
git@github.com:checkr/fdep,36fba98e6b3af35adf238c61f700a8138c090a5e,fdep,25,25,25,0,0,0,0
git@github.com:chie8842/expstock,28b7ece83fa601efd2b6c4b8b7bdd1a3b9ebc1df,expstock,16,16,16,0,0,1,1
git@github.com:chinapnr/fish_base,1615ccff9106bf42fc6ae862cd13353c12c1b76d,fish_base,104,104,104,0,0,0,0
git@github.com:chinapnr/fishbase,1615ccff9106bf42fc6ae862cd13353c12c1b76d,fishbase,104,104,104,0,0,0,0
git@github.com:chmduquesne/quickviz,e7c87a7ae12465db71fb9dcc1ff52a6b6bb07ec4,quickviz,22,0,0,22,22,0,0
git@github.com:choppsv1/pysshutil,e3ab876ed7b76637e6f5a0870cd41ea1f3d47fdb,pysshutil,57,48,10,9,9,0,0
git@github.com:christianhidber/easyagents,d6639e82566c0f8bea6ca714d12643143f919788,easyagents,11,0,0,11,11,0,0
git@github.com:christopherzimmerman/trimport,2fc930f1f954141fba3b16c366d70dbc9bae3a99,trimport,15,15,8,0,0,0,0
git@github.com:cityseer/cityseer,2d71d5dc962054f6cd1e87b5a61b43e8f4ddbec0,cityseer,60,60,60,0,0,0,0
git@github.com:cjrh/misu,157ad7ce14969ef8b9796591989115ca9ffc09f0,misu,3,0,0,3,3,0,0
git@github.com:ckmanalytix/modularity-density,86c48ba0fc5604d3c4d6d114a3077de2447d0a99,modularity-density,29,29,29,0,0,0,0
git@github.com:cktc/ashpool,3a35638ecff85da94952cebf7f8684ed564693bc,ashpool,1,0,0,1,1,0,0
git@github.com:claha/pyogt,4a6a43f8183bc429ac9993e6b2266e6719847899,pyogt,22,22,13,0,0,0,0
git@github.com:clalancette/pycdlib,36ba6eace1993e611f292b42833985cfc1c3b668,pycdlib,1514,1514,1514,0,0,0,0
git@github.com:clapeyre/h5nav,595040c2f9b65196ceaf18d1c2c58d848466a22c,h5nav,21,21,21,0,0,0,0
git@github.com:clemfromspace/scrapy-puppeteer,512cfe99b2c3f9aad6c0d3d35299d3ccd6c91121,scrapy-puppeteer,1,0,0,1,1,0,0
git@github.com:cmccandless/argutil,15b4d309fefe7a2d7648dac3974bd22ba7b1030a,argutil,87,0,0,87,87,0,0
git@github.com:codeforIATI/iatikit,22193fd7aa76b9cc9de4ff853a981cb50e508049,iatikit,11,0,0,11,11,0,0
git@github.com:codemagic-ci-cd/cli-tools,bc545dcce32aeddf3582f88774c753dde1381a3b,cli-tools,239,208,70,31,31,0,0
git@github.com:codespell-project/codespell,cc51bbbe505cbc23eae32f52deb2cc7c8b33a0eb,codespell,60,60,23,0,0,7,1
git@github.com:coinbase/coinbase-commerce-python,d306fc562309edb909c8ace501c63327a7635975,coinbase-commerce-python,79,0,0,79,79,0,0
git@github.com:colanconnon/graphene_sa_optimizer,755895dcb13de649012096e97a7c9e2f8494e91d,graphene_sa_optimizer,6,6,6,0,0,0,0
git@github.com:colinta/StrangeCase,dd2385745dba1211439fc1d0b0dae72b30e4b3b2,StrangeCase,82,82,82,0,0,0,0
git@github.com:computational-metabolomics/msp2db,fc7108625704c1074a3c085fe67d7ce72367a124,msp2db,9,0,0,9,9,0,0
git@github.com:configcat/python-sdk,c1b06e5f6bb734f89be24ef85ad0577f2cc26033,python-sdk,72,0,0,72,72,0,0
git@github.com:coreygirard/humansort,270c4ec6f239173e51f05e2d7f514697fdbbb445,humansort,3,3,3,0,0,0,0
git@github.com:cr0hn/aiotasks,ec485c84db55227c9283319a9c58401e294a06ff,aiotasks,71,71,71,0,0,0,0
git@github.com:crazyscientist/osc-tiny,88c33c2c7f73ea26067e1bb4190bab5dc298dd85,osc-tiny,48,0,0,48,48,0,0
git@github.com:cronofy/pycronofy,59765fe027778f18e05c09430ef2aff571b0eece,pycronofy,66,66,66,0,0,0,0
git@github.com:crumpstrr33/Utter-More,418cf5f5ef337700bf0897e746eff8bb275e6da6,utter-more,10,10,3,0,0,1,1
git@github.com:cryptowatch/cw-sdk-python,92bd90db16dfc116c0708d19d27208d9bfc990c1,cw-sdk-python,13,13,13,0,0,0,0
git@github.com:cutecare/cutecare-py,291d25c9ac4ab330dd631a753e1b658590d1140c,cutecare-py,37,0,0,37,37,0,0
git@github.com:cvockrodt/put.io-aria2c-downloader,ac19bb30924f9cb9991188693c9e6f6068861b60,put.io-aria2c-downloader,3,3,3,0,0,0,0
git@github.com:cytomining/cytominer-database,3926b55627e76a319460d6ac3ff4bdf65e1f5f98,cytominer-database,11,11,5,0,0,0,0
git@github.com:d4nuu8/krllint,2f9376cdae14c201364d9c31b4c19a8ff2f708d2,krllint,16,0,0,16,16,0,0
git@github.com:dakc/cronpi,6edb324c621f691b2840dcd6b54087b1044417ed,cronpi,13,0,0,13,13,0,0
git@github.com:daknuett/ljson,1d3dc13001d9d2f61bcfbf9d5c5b16d44fb8076e,ljson,33,33,33,0,0,1,1
git@github.com:daliclass/rxpy-backpressure,b1a7bddfb370884135d6f2e7d9a3dd332a90d7cc,rxpy-backpressure,19,0,0,19,19,0,0
git@github.com:danielecook/iex-api-python,144fcd7b1719b8607acb1e535e51ea1867c05263,iex-api-python,31,31,31,0,0,0,0
git@github.com:danielmichaels/fuelwatcher,1d2aa12016c227edfd47f3e2ca3e72db32000de6,fuelwatcher,2,2,2,0,0,0,0
git@github.com:danielmichaels/http-tracer,aa1f6c7944caa71efc3b77acc73069701074b29f,http-tracer,6,0,0,6,6,0,0
git@github.com:danpaquin/GDAX-Python,19cac25c51e592994cfa86ec487eef6a5c76718f,GDAX-Python,35,35,32,0,0,0,0
git@github.com:danpaquin/coinbasepro-python,19cac25c51e592994cfa86ec487eef6a5c76718f,coinbasepro-python,35,35,32,0,0,0,0
git@github.com:danpaquin/gdax-Python,19cac25c51e592994cfa86ec487eef6a5c76718f,gdax-Python,35,35,32,0,0,0,0
git@github.com:darcymason/pydicom,9561c5d40ec96076c974b5987767dc7b78c500a6,pydicom,1907,1907,1252,0,0,0,0
git@github.com:darkfeline/mir.orbis,a3f4f19aed97ae35909003ac8d4957d1bd45dd32,mir.orbis,15,15,15,0,0,0,0
git@github.com:dask/knit,934aee7012967453b7343f6e01f16b26aece2aaf,knit,34,33,33,1,1,0,0
git@github.com:datacommonsorg/api-python,6d09ca1557da0af893f008f7302801f12afc2d46,api-python,34,0,0,34,34,0,0
git@github.com:datahappy1/dummy_file_generator,f0a27725e1c04b4b2e0259167f10d8f76cfed9d1,dummy_file_generator,8,8,7,0,0,0,0
git@github.com:davidbetz/pymemorydb,9c8e864957d6fe754539601fd67a7b802b5ceb35,pymemorydb,47,0,0,47,47,0,0
git@github.com:davidhalter/parso,6ae0efa415c9790000dba70f87e6ece20d6a4101,parso,1213,1211,270,2,2,1,1
git@github.com:davidhuser/dhis2.py,1534d5e44e2ee0c2e835ca4d43c3a32e50d43b2e,dhis2.py,180,180,65,0,0,0,0
git@github.com:davidhyman/override,e34bd3c8676233439de5c002367b3bff5c1b88d6,override,5,0,0,5,5,0,0
git@github.com:davidr/python-timemarker,16fc4d4f9d6b534b94005169c977ed143f4f9dc5,python-timemarker,8,8,8,0,0,0,0
git@github.com:dbbs-lab/astrocyte,3fa30fa2897ef1ea4dd94b2c9d6ddd3efb2a2b1a,astrocyte,6,0,0,6,6,0,0
git@github.com:dbbs-lab/glia,3484b9beefdb6b129b661c95a733b279431d6ecb,glia,9,0,0,9,9,0,0
git@github.com:dbeley/ypc,160be81ee8f0ca7a0e7965a93c1faf5ebce35b5a,ypc,17,17,17,0,0,0,0
git@github.com:dblackrun/pbpstats,f2256adb1c101c6af8cfa83d59b437f65d9a689c,pbpstats,111,111,111,0,0,0,0
git@github.com:deadc0de6/dotdrop,5b2b05d353756bd09018f9dba049d0598cf632bb,dotdrop,21,0,0,21,21,0,0
git@github.com:debrief/pepys-import,5a2e16209dbff2d07a4baebeed4507ad79319e99,pepys-import,714,208,81,506,506,0,0
git@github.com:demisto/demisto-sdk,925303e5c54fc3dda985ef19b6d56a956d189f69,demisto-sdk,1301,1273,685,28,28,1,1
git@github.com:den4uk/andriller,5e856ca92ef7e9bf732f28cbd8e341181976654f,andriller,1,0,0,1,1,0,0
git@github.com:den4uk/jsonextra,e82c2e873b4d9c8105fd4e5ed43e7fae4fe6bc2c,jsonextra,46,46,7,0,0,1,1
git@github.com:dessimozlab/pylabeledrf,23e2c2b2c73d35b6c87dd332b45da8d31c0ea63f,pylabeledrf,2,0,0,2,2,0,0
git@github.com:dgilland/pydash,4bbadc967b51518e300a1368357bbe71959313ec,pydash,2109,1766,383,343,343,33,14
git@github.com:dgkim5360/asyncloop,e4f50156a74ee6430a8ade66f201ba61066396e4,asyncloop,25,25,25,0,0,0,0
git@github.com:dhermes/ci-diff-helper,876affd3ba49d78c48708a12103d39ef3c7d5f1d,ci-diff-helper,142,0,0,142,142,0,0
git@github.com:didix21/mdutils,2ef859ecc1e4f1a3e24f4150c96f61180bc57ceb,mdutils,103,0,0,103,103,0,0
git@github.com:django-beam/django-beam,43b2111f5c65937aa1e2cc9704b59796e982a805,django-beam,80,80,67,0,0,0,0
git@github.com:djperrefort/SNData,e4854f0dc357484b437b15f9dac15f7c589eff58,SNData,13,0,0,13,13,0,0
git@github.com:djrobstep/logx,c53fabbc160fb8d70fa878684ea36f0c22fd5caa,logx,7,7,7,0,0,0,0
git@github.com:dkaslovsky/GraphRole,6a2591ee3075f9d4ea5cd0b05dc38a8231b9c828,GraphRole,4,0,0,4,4,0,0
git@github.com:dmarkey/aiopylimit,b4075a8ac30dbbef59a2243f618a35a2f54b590c,aiopylimit,3,0,0,3,3,0,0
git@github.com:dmkskn/isle,81397e6e8c75543f9fd2efd2c34928077542da2a,isle,313,313,313,0,0,0,0
git@github.com:dmuhs/mythx-cli,f6b3d20d51ca1cfaed3cd45226bd1074388d42b9,mythx-cli,185,185,64,0,0,3,1
git@github.com:dmytrostriletskyi/accessify,6b7cf8657ffe18cd6a43c6cfb73b071084f0331e,accessify,41,41,35,0,0,0,0
git@github.com:donlelef/jupytemplate,4e894f3b5ed8cdb00c181581840a12b002886677,jupytemplate,6,6,6,0,0,0,0
git@github.com:dowjones/tokendito,f5d8e5171ddcca0c62925263ddb80535f51aded3,tokendito,50,50,23,0,0,0,0
git@github.com:dpa-newslab/livebridge,d930e887faa2f882d15b574f0f1fe4a580d7c5fa,livebridge,20,0,0,20,20,0,0
git@github.com:dpguthrie/yahooquery,ff9c062222d59b3d9f8abfaeeb706cd7af8fe690,yahooquery,1,0,0,1,1,0,0
git@github.com:drasmuss/hessianfree,4517bb1826253f712f539ff275a5d35f50312714,hessianfree,32,32,26,0,0,0,0
git@github.com:dreid/yunomi,1aa3f166843613331b38e231264ffc3ac40e8094,yunomi,52,0,0,52,52,0,0
git@github.com:drtexx/volux,c41339aceeab4295967ea88b2edd05d0d456b2ce,volux,30,30,30,0,0,4,4
git@github.com:dsavransky/keplertools,8a46aea897a7cd584c4c2afa1e5ea160f47aef6e,keplertools,14,0,0,14,14,0,0
git@github.com:duncanmmacleod/gwopensci,06b56ce506fda3af4857c8a1aae7bb60fb1925e9,gwopensci,71,71,58,0,0,1,1
git@github.com:dvc94ch/pykicad,cdebcaeb4ab6c8903ebecfd0748f826ea406923f,pykicad,48,0,0,48,48,0,0
git@github.com:dynastes-team/dynastes,931b6d9ac83862eb39c2f5144c95b952e9efcd8e,dynastes,94,0,0,94,94,0,0
git@github.com:earthlab/streamstats,812bf263a25c87fd26eca09f81d78ff35b48d1c4,streamstats,8,8,8,0,0,0,0
git@github.com:earthreader/libearth,71d2f3246eb0b6a3668a64e2242616d20b1d7dcd,libearth,280,280,224,0,0,3,2
git@github.com:east301/dagger,7435238cd3023103128c74a2e2efdfb7a2b6f95b,dagger,44,44,44,0,0,0,0
git@github.com:ecolell/amphipathic,b4d2d49e2fc9224fb7a6dc067c86dc8fa7c3505e,amphipathic,5,5,5,0,0,0,0
git@github.com:econ-ark/HARK,c9138af45fd0a0d97c718c8558f3ea8d9f2ae820,econ-ark,87,0,0,87,87,0,0
git@github.com:edasi/kool,efe847a05c1a07af5eddeeeb700fdefcb6c9ced9,kool,36,36,36,0,0,0,0
git@github.com:edelgm6/draft,bdd813dfeb914b91c857f8a6675c86c7972555b3,draft,54,0,0,54,54,0,0
git@github.com:edouard-lopez/pure,d5c633716ff4962a89ecda31a226a22a9649ba16,pure,1,0,0,1,1,0,0
git@github.com:edsu/dedoop,37b29dade43afb1a52e3424b6a0a98a7018c8283,dedoop,6,6,6,0,0,0,0
git@github.com:edsu/wikilinks,c43a4b95ce793265c038ac73cec75f686b94ae57,wikilinks,4,4,4,0,0,0,0
git@github.com:edwardgeorge/virtualenv-clone,8a61552d99087c99895a0d0ca104ed47a1eade24,virtualenv-clone,18,0,0,18,18,0,0
git@github.com:eeriks/erepublik,ad29045acef911224650f8a975c72b9cef4e88aa,erepublik,3,0,0,3,3,0,0
git@github.com:eevee/camel,1f9132ce43f6933bd3e91681404aab817876b3e1,camel,25,25,10,0,0,0,0
git@github.com:eillarra/carbonize,efc89b8a9e44f9d64110406ce70929a9671517c7,carbonize,10,0,0,10,10,0,0
git@github.com:elifesciences/elife-tools,a5b93afbe4db7852bf1aa12265090d60140fca8e,elifetools,814,0,0,814,814,0,0
git@github.com:ellisonleao/vl,21a2cd5c6a079c0882c7a2dc9ff303b8c8f89f98,vl,11,11,11,0,0,0,0
git@github.com:encukou/pytest-level,6a15132419429c95d67b77e9f8892e0a864a364f,pytest-level,7,7,7,0,0,0,0
git@github.com:epic-kitchens/epic-lib,7f2499aff5fdb62a66e6da92322e5c060ea4a414,epic-lib,3,0,0,3,3,0,0
git@github.com:epsagon/epsagon-python,b985d8412848f9a0c98e2f15ae0967a6dba3517f,epsagon-python,111,111,111,0,0,1,1
git@github.com:ericmjl/nxviz,d2a2a622e834148a9f4337dbe1021a05c5f18548,nxviz,38,38,38,0,0,0,0
git@github.com:erm/asgi-s3,ef898f9f013e0e5cd5c52f3503e27a41bca4fa2c,asgi-s3,6,6,6,0,0,0,0
git@github.com:eth-cscs/reframe,576eb3f1dcc015d1e6d7a10602c748d4f810da68,reframe,736,341,237,395,395,1,1
git@github.com:eukaryote/uberdict,852b9d8b80ab032ce7eb5c439ea8084336b69d04,uberdict,148,148,133,0,0,0,0
git@github.com:evansloan/sports.py,a2ce0b3cde2e41f5d15e265d9190b6b79828124b,sports.py,1,0,0,1,1,0,0
git@github.com:evernym/ledger,7210c3b288e07f940eddad09b1dfc6a56be846df,ledger-3pc-batch,86,56,54,30,30,0,0
git@github.com:exonum/exonum-launcher,d42f79046f815514b284fe242a8c5abccaf9f805,exonum-launcher,2,0,0,2,2,0,0
git@github.com:exonum/exonum-python-client,5e7ff330440cd2fe2c5b707a0cff46048b311ea2,exonum-python-client,9,0,0,9,9,0,0
git@github.com:fair-search/fairsearchdeltr-python,5bc2e8f0bf24ecd492978474919f512d3c0b65e1,fairsearchdeltr-python,12,12,4,0,0,0,0
git@github.com:farzadghanei/statsd-metrics,153ff37b79777f208e49bb9d3fb737ba52b99f98,statsd-metrics,147,0,0,147,147,0,0
git@github.com:fatiando/harmonica,2980071fce37948f2d13d8b7120c96ed18923410,harmonica,95,95,95,0,0,0,0
git@github.com:fatiando/rockhound,c4d84b2628c4b0dd666ceb1b334647489fe85f17,rockhound,18,18,18,0,0,0,0
git@github.com:fechbmaster/3DNIRmapper,f061c1b8db3fd36a9c344608287cdcb8b2968633,3DNIRmapper,34,0,0,34,34,0,0
git@github.com:femueller/python-n26,22cb609efbf5125e36879441ea20d5a1c2a51e98,python-n26,24,0,0,24,24,0,0
git@github.com:ferdinandvwyk/pyfilm.git,20688f59536c713650516f09e1873fcb5b506a17,pyfilm.git,23,23,23,0,0,0,0
git@github.com:fgaim/gpuview,51f482de6f3360f9b403f8784112f20d42cdd924,gpuview,4,4,4,0,0,0,0
git@github.com:fifman/tangle,a36cff74d7f09bf8f24a91929b844ea1be7b1bcd,tangle,12,12,12,0,0,1,1
git@github.com:filestack/filestack-python,1bd6749735e5c78dde767e0685ddfdf0cd7423e2,filestack-python,106,106,93,0,0,1,1
git@github.com:fitblip/wsstat,f7c91eb8765a801ad5e0504ca22ee2ec832cf682,wsstat,3,0,0,3,3,0,0
git@github.com:flashcode/msgcheck,1b61115d0fa622dc274bc3d1df82509f56f11f5d,msgcheck,14,14,14,0,0,0,0
git@github.com:flokno/son,a860c049e276151c8fddf82fdbe833d4127ada0d,son,4,4,4,0,0,0,0
git@github.com:florimondmanca/hawaiio.git,4a8005d216b29e2f462be00c9285776651d0fa2b,hawaiio.git,10,10,5,0,0,0,0
git@github.com:fniessink/access-modifiers,6fd7880b3b6761051cbe67fd91280075d2f296d2,access-modifiers,39,0,0,39,39,0,0
git@github.com:frenos/imgload,b6f8decf3bc753b85ec7ec27bc25373feb99b478,imgload,32,0,0,32,32,0,0
git@github.com:fronzbot/blinkpy,ed4450778d6802990006dd9fb1b14e2c98520018,blinkpy,79,0,0,79,79,0,0
git@github.com:fzyukio/python-matlab-functions,2860bf48f904d546af75143c531750c8857670bc,python-matlab-functions,4,0,0,4,4,0,0
git@github.com:ganehag/pyMeterBus,bc853aa38ac6b10301bdf97f13ac25b36985316f,pyMeterBus,209,0,0,209,209,0,0
git@github.com:gaomy3832/easypyplot,b3f8a5560464fd92011c7a2c4f9f9877a08dcf66,easypyplot,5,0,0,5,5,0,0
git@github.com:gdoumenc/coworks,c574654a1e3d1cd4ad56b6f5912631230c37fdf3,coworks,79,79,79,0,0,2,2
git@github.com:gems-uff/releasy,b18c5efcc918b79f96863f484345d50755395815,releasy,20,20,20,0,0,0,0
git@github.com:geomstats/geomstats,66abff977bf81b3f23d54869ea4a472e7819a4bf,geomstats,744,0,0,744,744,0,0
git@github.com:geoscixyz/geosci-labs,f3e5bb92fc60879816d7c1c8f71847561b65b81b,geosci-labs,52,0,0,52,52,0,0
git@github.com:giganticode/dataprep,bb1d3731a39d221f2a037aaadc747a29a5e76c8d,dataprep,106,106,106,0,0,1,1
git@github.com:giganticode/langmodels,53462a755eb07cbbccdd179605185059634d6ac4,langmodels,5,0,0,5,5,0,0
git@github.com:gijzelaerr/pybl3p,98c102c02cb93803ee47941a48a8aa8d62fa4d6c,pybl3p,12,0,0,12,12,0,0
git@github.com:ginkooo/yapq,e7702178fa50b1bb9a63a7bbb8b963af361a2d92,yapq,1,1,1,0,0,0,0
git@github.com:giotto-ai/giotto-time,9c84a8fc1b9dc5769181ce0e9e9f44976884cd41,giotto-time,15,0,0,15,15,0,0
git@github.com:gjvnq/LabIFSC,cb56b75f51eb54680d0b81f4c87aa0234538a2a8,LabIFSC,44,44,44,0,0,0,0
git@github.com:glentner/CmdKit,b8d4572612667080807b2b26d47c624a330c2872,CmdKit,2,0,0,2,2,0,0
git@github.com:glubbdubdrib/lazygrid,ce290e9b2ce528088c5b65bdaf1a83e1a08aecdb,lazygrid,15,0,0,15,15,0,0
git@github.com:gmggroup/omf,bf0cfaa4d05c438606d7b4561166bf12d2c1be74,omf,61,59,36,2,2,0,0
git@github.com:gnprice/pysh,dbd14ee8445a983ee6c736e4041e47ddfa4edacc,pysh,21,21,21,0,0,0,0
git@github.com:goldsborough/li,8ea4f8b55183aadaa96bc70cfcfcb7b198874319,li,28,28,28,0,0,0,0
git@github.com:gongliyu/arlib,6918f0146dab459369ec2861fe68d796acff8ea6,arlib,40,38,13,2,2,0,0
git@github.com:goodmami/penman,e83cf6d006724d72a3e19a955aad94412da912b7,Penman,86,86,86,0,0,1,1
git@github.com:googkit/googkit,cacb37bf65e5ac19379b329beb02af907240aa60,googkit,120,0,0,120,120,0,0
git@github.com:googlefonts/fontbakery,9bbf2da4947b7e5ce82c06a8ce7b484185ddac67,fontbakery,195,195,193,0,0,0,0
git@github.com:gqlmod/gqlmod-github,241044bc80dad7cd3b5ceb6790e373c2e089b1df,gqlmod-github,3,3,3,0,0,0,0
git@github.com:grabbles/grabbit,83ff93df36019eaaee9d4e31f816a518e46cae07,grabbit,50,50,35,0,0,1,1
git@github.com:gradam/lol_api,33ea96f5eeac581737949b733d8af1c4436e94b9,lol_api,163,163,163,0,0,2,2
git@github.com:grd349/PBjam,f387d840685831955c79dec83c792ab0d297aadc,PBjam,4,0,0,4,4,0,0
git@github.com:gridsmartercities/aws-lambda-decorators,bbd25a7002b99e57fe7da225b6aad06cb1e43b9c,aws-lambda-decorators,153,0,0,153,153,0,0
git@github.com:guillaumewatteeux/centreon-sdk-python,9f207d5458afc3304e24f16988069467b19eab81,centreon-sdk-python,44,44,44,0,0,0,0
git@github.com:gurdulu/virga,4d641de30ab574823d0326b9904161aaec8845ed,virga,86,0,0,86,86,0,0
git@github.com:gvinciguerra/nnweaver,e7a94d743f6eb118592524e30f54cda22cdc5e81,nnweaver,29,29,29,0,0,0,0
git@github.com:gwpy/gwosc,06b56ce506fda3af4857c8a1aae7bb60fb1925e9,gwosc,71,71,58,0,0,1,1
git@github.com:h2non/pook,2071da27701c82ce02b015e01e2aa6fd203e7bb5,pook,32,32,32,0,0,0,0
git@github.com:haney/python-ansel,afb2b28d8595beeb1f87e355b611f01e13b8e664,python-ansel,131,131,32,0,0,0,0
git@github.com:hansliu/twsecli,b53aec2a6a2bbf660b479d6b59df63943191762c,twsecli,9,0,0,9,9,0,0
git@github.com:havefun-plus/cronjob,a2fd9289f44696c5c06ece9cec8dc5315300eecf,cronjob,3,0,0,3,3,0,0
git@github.com:hbldh/pybankid,a54944d73bcbe1c5ee96a71387a4668486eaeefe,pybankid,26,26,11,0,0,0,0
git@github.com:hbradleyiii/ext_pylib,15a9b5a80db87b5f20e03ef6bfa015acf4bf8543,ext_pylib,181,181,81,0,0,3,1
git@github.com:heavenshell/py-autodoc,001d5ff03d41a5d714075eb08e666c413d50f0ac,autodoc,27,2,2,25,25,1,1
git@github.com:hefnawi/json-storage-manager,c7521fc4a576cf23a8c2454106bed6fb8c951b8d,json-storage-manager,9,9,9,0,0,1,1
git@github.com:heilaaks/snippy,904439ca1fc29edc06c48da66e7663e18e0aea99,snippy,747,747,747,0,0,3,3
git@github.com:helenagu01/pycoin,d98f70ff67c836d180032cb6f7a7491a81cfd2eb,pycoin,1775,2,2,1773,1773,0,0
git@github.com:hellock/cvbase,e48d2f76aaeea6472b2175c37780f7b90ae7f1b6,cvbase,76,76,76,0,0,0,0
git@github.com:hellysmile/fake-useragent,a55c4dc294883c73231e085fca34ab5a8e2bc1f1,fake-useragent,2,1,1,1,1,0,0
git@github.com:heston/firebase-live-data,dd73615ccfae11e95830f49df8d3a90546d671f5,FirebaseData,119,119,119,0,0,0,0
git@github.com:hgrecco/pint,3d99581a808f8c0b5445bb43820a2b82815425d1,pint,1768,70,8,1698,1698,0,0
git@github.com:hhursev/recipe-scrapers,7837a0ce7f95ccb0d90e521605d38589cdcd9e9b,recipe-scrapers,599,0,0,599,599,0,0
git@github.com:hid-io/layouts-python,0b036e1f1695b16e0e6e61540ef7ecd6047a5bd1,layouts,10,10,10,0,0,0,0
git@github.com:hintofbasil/Python-Beautifurl,312db910400b24d24cb03966a221da2462c4f824,Python-Beautifurl,14,14,14,0,0,0,0
git@github.com:hmrc/service-manager,e0a9f2a08e139e23d8a1199a2208b4f5a355a0be,service-manager,57,0,0,57,57,0,0
git@github.com:hobbypunk90/mithermometer,894102b12b89f56b8b4beed787f273d3981fd0f6,mithermometer,46,0,0,46,46,0,0
git@github.com:holzkohlengrill/SCout,8fd1eca0607b27d6e0c537b2ea1211d23356edff,SCout,22,0,0,22,22,0,0
git@github.com:hsolbrig/pyjsg,f999bdbff84f828da3704be2f0b00015bc345e36,pyjsg,102,0,0,102,102,0,0
git@github.com:huashengdun/webssh,51d527fe75a62aed239126a6697749a30baecb30,webssh,89,0,0,89,89,0,0
git@github.com:humans-to-robots-motion/pyrieef,73a82d3250db8b48a1602bd5422bb3902fc11e57,pyrieef,114,114,114,0,0,0,0
git@github.com:hyperledger/aries-staticagent-python,62f0e4e435e4e324f76a8fb724d0f733192bc0c3,aries-staticagent-python,134,133,100,1,1,0,0
git@github.com:hypoport/python-aws-dataclasses,30bfe90457a83957d10ec18fe7d61439b5b74280,python-aws-dataclasses,24,24,24,0,0,1,1
git@github.com:iArunava/scratch.ai,9472f64fd3a06a1daa51486b68f5d3d3c36ac2f0,scratch.ai,7,0,0,7,7,0,0
git@github.com:icane/etlstat.git,97afa7ad814b13d792a2aa33d741af6eb656b926,etlstat.git,3,0,0,3,3,0,0
git@github.com:icoxfog417/acl-anthology,88b4d006a38301be6690bdf43073cf98be7bdd50,acl-anthology,5,0,0,5,5,0,0
git@github.com:identixone/identixone-python,232e5dfcf98ebe91a3ed433a265be161ee965a5e,identixone-python,65,0,0,65,65,0,0
git@github.com:ikamensh/flynt,9ec53b1ae8fcf62272a297e533626a54ed27f46f,flynt,286,286,105,0,0,0,0
git@github.com:iluxonchik/fileguard,73854b783faadb8e5370c407b897049131a42e50,fileguard,18,0,0,18,18,0,0
git@github.com:imWildCat/scylla,37469f9daaa3a4f2715ffb11f2bfa6671124cfc4,scylla,40,40,40,0,0,0,0
git@github.com:infosmith/helpers,72c40cf1d1a46875f2956e8827a55d4232db48cb,helpers,35,0,0,35,35,0,0
git@github.com:innolitics/dicom-standard,4d40ca75e3af51dd8fc2b027a7f79b6a2f4193cb,dicom-standard,70,70,70,0,0,0,0
git@github.com:instagrambot/instabot,d68b55015322898c3842c92dcc5989581043252e,instabot,215,215,71,0,0,0,0
git@github.com:inveniosoftware/kwalitee,9124f8f55b15547fef08c6c43cabced314e70674,kwalitee,69,16,16,53,53,0,0
git@github.com:invl/pip-autoremove,f0b385f771709fc5bc0b60f64e76818638d912bc,pip-autoremove,2,2,2,0,0,0,0
git@github.com:ioos/pyoos.git,908660385029ecd8eccda8ab3a6b20b47b915c77,pyoos.git,47,0,0,47,47,0,0
git@github.com:ioos/thredds_crawler,fb29ea2fb8d079cacc6c09f79245e8f54f77c6a6,thredds_crawler,10,0,0,10,10,0,0
git@github.com:ipwnponies/pytest-antilru,51aa787159158b33331e80a8dd361c454c17ba03,pytest-antilru,2,2,2,0,0,0,0
git@github.com:irmen/Tale,a2a26443465ab6978b32d9253e833471500e7b68,Tale,267,6,6,261,261,2,2
git@github.com:isac322/linux_aio,007d033b42703e9bb4d7cd99ca50e54108215d46,linux_aio,6,0,0,6,6,0,0
git@github.com:isnok/data-pypes,dcfe6feac2b617f9f8624cff81c44f72c0313ee6,data-pypes,36,0,0,36,36,0,0
git@github.com:istommao/wechatkit,e46341c29a69805a8e4c425dc620039fb06b1e45,wechatkit,61,0,0,61,61,0,0
git@github.com:ivanlei/threatbutt,faff507a4bebfa585d3044427111418c257c34ec,threatbutt,4,4,4,0,0,0,0
git@github.com:ivanprjcts/sdklib,5384b1c7f05abd6350151c08ad6a4a8b5855f8f0,sdklib,203,0,0,203,203,0,0
git@github.com:ivoire/ReactOBus,841d5c0442ffe92fcaec278e07053afe5b93d925,ReactOBus,32,32,32,0,0,0,0
git@github.com:izar/pytm,724df0c6346706e9c3678bee11e23d9609d8fa4c,pytm,113,0,0,113,113,0,0
git@github.com:j0057/github-release,067d7f1f557e16c4db57696d30732d566e314a45,github-release,87,87,31,0,0,11,1
git@github.com:jachinlin/kindle_maker,5c478bdaf3cb7d2e824f21462e72543d15c6cc95,kindle-maker,6,6,6,0,0,0,0
git@github.com:jacobnzw/SSMToybox,b3a8c05fa1b0d85356ac6554009af38ff2720780,SSMToybox,80,0,0,80,80,0,0
git@github.com:jaeseopark/nicoclient,71188e0a07be73bf581bbf5c65080831fa3b4fb8,nicoclient,16,0,0,16,16,0,0
git@github.com:jakesherman/fonoapi,01248a6d3a9f56fa9613f387ae66820a73b48742,fonoapi,4,4,4,0,0,0,0
git@github.com:jaketreacher/hostopen,b1c8269aff13d4c2ec336cc8f366f42260c4e943,hostopen,6,6,4,0,0,0,0
git@github.com:james-d-mitchell/gaplint,64fa97fef3a726ba07c99bc17706500c02564f0b,gaplint,21,0,0,21,21,0,0
git@github.com:jamesevickery/l293d,c026a9b58769f23d3e999234ba9df30fb021f949,l293d,9,0,0,9,9,0,0
git@github.com:jamesstidard/sanic-envconfig,c68e09def2ce04c7ab91e443680ff64dc2ef61e1,sanic-envconfig,30,30,18,0,0,0,0
git@github.com:jasonhamilton/hotwing-core,f4d864b1618e928bd981540b2a446bdb74023ca6,hotwing-core,49,49,49,0,0,0,0
git@github.com:jasonkeene/python-ubersmith,0c594e2eb41066d1fe7860e3a6f04b14c14f6e6a,python-ubersmith,299,299,120,0,0,0,0
git@github.com:jberends/duplicity_backup,8aaad2dac623a72c5d83df19fd349e50baabb7e3,duplicity_backup,12,0,0,12,12,0,0
git@github.com:jbfavre/python-protobix,96b7095a9c2485c9e1bdba098b7d82b93f91acb1,python-protobix,98,98,87,0,0,0,0
git@github.com:jcfr/jinja2-github,4012e5f87ea4b53d2eee406f91cf6738008636a0,jinja2-github,2,2,2,0,0,0,0
git@github.com:jdidion/xphyle,9f66b129130a368611fb2ab0027c6218b1a13a50,xphyle,144,2,2,142,142,0,0
git@github.com:jedie/bootstrap_env,ab68025d8f6b9a17d8feeed83e8aae26e3f28769,bootstrap_env,26,0,0,26,26,0,0
git@github.com:jeffknupp/sandman,253ea4d15cbccd9f0016d66fedd7478614cc0b2f,sandman,2,0,0,2,2,0,0
git@github.com:jepegit/cellpy,6fca7ff1dd85bdf7500f1cd4cbc73e8395150748,cellpy,201,201,167,0,0,0,0
git@github.com:jerodg/jgutils,6c8ed6aca37d509af8ce1b57635fad62f1c846b4,jgutils,32,16,16,16,16,0,0
git@github.com:jezdez/envdir,0db9594a66b58aad7731edc5b20e9436bfe2f971,envdir,29,29,29,0,0,0,0
git@github.com:jfilter/get-wayback-machine,ae52b3f2d1dc74dc4e356f412361727e975c6771,get-wayback-machine,2,2,2,0,0,0,0
git@github.com:jfilter/mw-category-members,9d3b11b5cfde2165a9ff1613ff11d7595a33320e,mw-category-members,3,3,3,0,0,0,0
git@github.com:jfilter/split-folders,36a7864d32a90f84327c0ebb3abdf5fbdd9921a3,split-folders,12,12,12,0,0,0,0
git@github.com:jic-dtool/dtool-http,04a13ccb3f252873228ac0d2d4df53c791157217,dtool-http,5,5,5,0,0,0,0
git@github.com:jidn/lds-org,e38c30b06c1059478a975cc565c615cb745d7f45,lds-org,13,13,13,0,0,0,0
git@github.com:jjotterson/datapungibea,fe3b262b7e2ceffd12621693c94af9b6cc43e408,datapungibea,30,30,30,0,0,0,0
git@github.com:jnoortheen/dynamic-conf,42257f06a66765ac4f5de1c6a4637f4db779c5ab,dynamic-conf,12,11,7,1,1,1,1
git@github.com:jnoortheen/pipm,a9e0f89e80addea18fd3efdc7b4f6eabd6b6988a,pipm,31,31,31,0,0,0,0
git@github.com:joblib/joblib,440b1b899d357a9db6526ca87051a77963b33631,joblib,1219,1214,258,5,5,3,3
git@github.com:joeblankenship1/bitcoin_graph,8f5dee94b0cc82a0a0d8a412709a13a38d180167,bitcoin_graph,8,0,0,8,8,0,0
git@github.com:joegasewicz/Flask-JWT-Router,0fb1e256c81409be6f08d8be12f07e5f58b4f914,Flask-JWT-Router,23,23,20,0,0,0,0
git@github.com:joeyespo/grip,27a4d6d87ea1d0ea7f7f120de55baabee3de73e3,grip,22,22,22,0,0,0,0
git@github.com:johnstonskj/rdftools,fa71b69b1604128349d879a51a44789919c3bd53,rdftools,75,75,45,0,0,0,0
git@github.com:johnvictorfs/rs3clans.py,692ffb859d954a304d039a6e20cc39bc55ed13cb,rs3clans.py,36,36,16,0,0,0,0
git@github.com:joliveros/bitmex-websocket,dcefdaffd226ee30308bfca86aab065dc57817d0,bitmex-websocket,11,11,11,0,0,0,0
git@github.com:jonas-hagen/databird,cfb358e74da62bb9d7ea0e6c7ac984671472120b,databird,33,33,26,0,0,0,0
git@github.com:jonhadfield/python-hosts,10190c3fb7eab419f15ba0b90edfb4bf43c5ae62,python-hosts,5,4,4,1,1,0,0
git@github.com:joshmarshall/norm,8e540aa6f7026f8783a4fdf5fc135ecda12d17b7,norm,56,0,0,56,56,0,0
git@github.com:joshmgrant/svp,fdf64445d8038b4df5ab2181eb6306d56e3b5162,svp,8,8,8,0,0,0,0
git@github.com:josiest/geom,d12b381706ee620cba1c6a6cb45ab7815e5a1dc9,geom,19,19,19,0,0,2,2
git@github.com:jounderwood/django-hug,778b16f568ce9fdb01f360b7bff89c9d8b6c2ef7,django-hug,37,37,27,0,0,4,4
git@github.com:jpetrucciani/gamble.git,d17b25899183a4c4b25fe644024ff754132ae513,gamble.git,14,14,14,0,0,0,0
git@github.com:jpetrucciani/hubspot3.git,3b4f047e86450e40a2e2a257231daa780d7ccea8,hubspot3.git,2,0,0,2,2,0,0
git@github.com:jpeyret/pynoorm,d6f7e0e102bb0eb4865beff75cf671b560ebc8b2,pynoorm,129,0,0,129,129,0,0
git@github.com:jpoullet2000/atlasclient,02b3e7d9a6596d1123fc22b6bfed08d60105d19e,atlasclient,62,62,62,0,0,0,0
git@github.com:jtara1/imgur_downloader,1ff0e952b662e499f354dccf46022c678858b3af,imgur-downloader,15,15,4,0,0,0,0
git@github.com:jucacrispim/aiomediawiki,9e3f624a2465bf5b1394c178b19e34fadfec2793,aiomediawiki,32,32,32,0,0,0,0
git@github.com:jun-harashima/pttagger,d26fead72fb28d2e84007b0262457c6bec31f206,pttagger,1,0,0,1,1,0,0
git@github.com:june3474/skelpy,0e64eccdc5211dbec664e7d3f9d07c6020651b63,skelpy,48,48,48,0,0,4,4
git@github.com:juntossomosmais/regex4ocr,9f96e9c6fe6ffc3e1452b23103fdfa6a0f1dcede,regex4ocr,42,42,42,0,0,1,1
git@github.com:jw/speed-tester,2d7f9acc55c797d1011605e2d610751f77de5290,speed-tester,3,3,3,0,0,0,0
git@github.com:jwbaker/pytvdb,39f00896ed1bed1f1dabe05f73980c9455c502df,pytvdb,39,39,33,0,0,0,0
git@github.com:jyn514/configparse,d7a4ee5b121de2be1858104723bdb7ac47df64ce,configparse,7,7,7,0,0,0,0
git@github.com:kade-robertson/config-better,c14638da3fe95a669a04db2602e1f6ea15591c36,config-better,22,0,0,22,22,0,0
git@github.com:kajchang/sfpl-scraper,d97cc55f28fc75bf8de3fe5472ed0c2c55a09081,sfpl-scraper,14,0,0,14,14,0,0
git@github.com:kellylab/Fireworks,ff027cd8d1b8ce5eec6a37d786e7de675d8c0849,fireworks,99,99,99,0,0,1,1
git@github.com:kenkundert/engfmt,b908ef69aa7941e561019e24f969703f3234753b,engfmt,6,6,6,0,0,2,2
git@github.com:keotl/jivago,52761e0822bb5ef8dd081d3f45c53d05738dbd5f,jivago,237,0,0,237,237,0,0
git@github.com:kevinarpe/kevinarpe-rambutan3,5d7469912b559338dc15f5c7fb2abc91103ea0c5,kevinarpe-rambutan3,190,190,190,0,0,1,1
git@github.com:khufkens/daymetpy,539f8d47315f0f68f86875d7805541dadcb76604,daymetpy,2,0,0,2,2,0,0
git@github.com:ki-tools/sls-tools-py,f1089d94a07b8455c81fdbfd78a159fecb017b57,sls-tools-py,33,33,33,0,0,0,0
git@github.com:kingoodie/fistro,42c129d058fe017d3d1436da4350b6842f1c5535,fistro,8,8,8,0,0,0,0
git@github.com:kinnala/scikit-fem,4aa87e15fd05dfbbad2367ef2303f398d5afddcc,scikit-fem,148,0,0,148,148,0,0
git@github.com:kipe/fmi,c567622ad29a14a03645b8bc8c7565f315b53480,fmi,2,0,0,2,2,0,0
git@github.com:kissmetrics/py-KISSmetrics,11cfc589e623f0bab8bc450f6fd169715544e377,py-KISSmetrics,50,0,0,50,50,0,0
git@github.com:kithomak/pytsmp,15d58a39e016100fb44cdcc9f6115fa7736eb2bb,pytsmp,106,106,106,0,0,0,0
git@github.com:kitsuyui/cachepot,c2e6a1f6c1eb3f2359b95bd7208d9347f885aff3,cachepot,11,0,0,11,11,0,0
git@github.com:kivio/pysllo,8bc4d17f9a668e9aff3c77f688f0c06ed2e7686b,pysllo,92,92,52,0,0,0,0
git@github.com:kivy/buildozer,4a18fb321e8410c44c9a62bd65671f33df3a470b,buildozer,32,19,18,13,13,0,0
git@github.com:klaapbakken/hmmpy,b5d95e72d0cce150db265e94cf623d1d57148607,hmmpy,10,10,10,0,0,0,0
git@github.com:klieret/RandomFileTree,aaaa975ae61afa6f0f5b481ebafcfa0f0216e471,RandomFileTree,17,0,0,17,17,0,0
git@github.com:kmarilleau/pytest-django-model,8361e882b7b7f4540c3d885f1d542288c59cf8d5,pytest-django-model,1,0,0,1,1,0,0
git@github.com:kngwyu/Rainy,28a7ea53e577a9c209414b4fff3a22c6d8b530d0,Rainy,74,74,36,0,0,0,0
git@github.com:koelling/amplimap,47a65e624e4a7f7ed62b029e6ed65dc78cf34ac7,amplimap,5,0,0,5,5,0,0
git@github.com:konstantint/pyliftover,c95c70ab74686a6b5ac56e7601ccdbeab3178e52,pyliftover,11,8,8,3,3,0,0
git@github.com:kriberg/esy.git,6b0cc47402772c68c41efe3e8a56b2aaa0e27228,esy.git,11,0,0,11,11,0,0
git@github.com:ktnrg45/pyps4-2ndscreen,457dc9c3f04017569d52bae7390ea2fc54e96ce5,pyps4-2ndscreen,109,109,109,0,0,1,1
git@github.com:ktnrg45/pyps4-homeassistant,457dc9c3f04017569d52bae7390ea2fc54e96ce5,pyps4-homeassistant,109,109,109,0,0,1,1
git@github.com:kujyp/dockerfile_bakery,fc531752d9fe901375636377dac884a6b750e146,dockerfile_bakery,8,8,8,0,0,0,0
git@github.com:kushao1267/MusicAPI,c6340d5dd6df869a90a44a311d3cd7a383bd4cf4,MusicAPI,7,7,7,0,0,0,0
git@github.com:kytos/python-openflow,a3387a7b28d529a3605aa1506a028e03394e4526,python-openflow,441,0,0,441,441,0,0
git@github.com:laboo/hpdr,6760ceb1f4a6078f70e86e54bb2ee4e269915f9c,hpdr,46,46,46,0,0,0,0
git@github.com:lace/blmath,2d8482a7a3f39f6491251b6e2c92564a62b68aa0,blmath,160,0,0,160,160,0,0
git@github.com:lachhebo/pyclustertend,c13c44ba4807d659536ff74aca0253d288e1d5b4,pyclustertend,12,10,8,2,2,0,0
git@github.com:laike9m/pdir2,ef5e2200074d68e2ca3df4ee441a1b9ea6ca5abc,pdir2,33,33,33,0,0,0,0
git@github.com:learningequality/pressurecooker,b111250a8da415a19082f98bc6be21b021b0c604,pressurecooker,2,0,0,2,2,0,0
git@github.com:leopepe/GOApy,a8e0dfe5f0f593107884ad54f89a27f67ee28129,GOApy,12,0,0,12,12,0,0
git@github.com:levi-rs/instabrade,73d027ce2e3b0141c7f1c83567151b5638905355,instabrade,23,23,23,0,0,0,0
git@github.com:limix/limix-lmm,0f0a9875e6d0ed0511db54c911992332b76baa13,limix-lmm,5,1,1,4,4,0,0
git@github.com:lingster/pyversion,077ec6aaf46fa52ab6915dc6c109e3812849e22c,pyversion,11,0,0,11,11,0,0
git@github.com:lingster/pyversion3,077ec6aaf46fa52ab6915dc6c109e3812849e22c,pyversion3,11,0,0,11,11,0,0
git@github.com:linkedin/fossor,d8dbdc40f2f16da601c317dfa74b83e3932c9bb3,fossor,64,60,60,4,4,0,0
git@github.com:liormizr/s3path,4ba7ad7f64be2a41139606c50987a95f74a1803c,s3path,64,64,64,0,0,0,0
git@github.com:liusida/sida,77635d2b08c87612330db8612b70ee85c0d57268,sida,9,9,9,0,0,0,0
git@github.com:ljvmiranda921/pyswarms,08756526f39699eef28e515cac2ead17cef55710,pyswarms,466,466,174,0,0,0,0
git@github.com:ljwolf/cenpy,03eefcfd885c48e018cf74abaf46ee03aa7ac119,cenpy,6,0,0,6,6,0,0
git@github.com:loganasherjones/yapconf,f685ed6a6f532a8f836deb205fc2509e9422329b,yapconf,239,239,96,0,0,0,0
git@github.com:loopmediagroup/py-gardener,ef485b969df0ee1e848b594eb1abfe9d8a53dae3,py-gardener,16,16,16,0,0,0,0
git@github.com:lostinplace/filtered-intervaltree,37da431ed36dc9e7936ebd330869f142538ef79d,filtered-intervaltree,2,0,0,2,2,0,0
git@github.com:lpenz/ftpsync,bbf40b8ebd28762b92b70571e0d9a6e642ce3467,ftpsync,1,0,0,1,1,0,0
git@github.com:lrowe/pytest_exact_fixtures,b72bf9d7661c65e1535e5fbbddc343fd6120e15c,pytest_exact_fixtures,2,2,2,0,0,0,0
git@github.com:lsenta/baconql,c5b3bda63e243bf450e593f3d8fdaa437b4d28f3,baconql,73,73,54,0,0,0,0
git@github.com:lukas-linhart/pageobject,6ae83680ae62a94f93cefc394e4f3cc6999aeead,pageobject,168,163,163,5,5,0,0
git@github.com:lungdart/packeteer,2c6e0e8683462e17ff095a89f13a10daf29ef9e0,packeteer,50,50,50,0,0,0,0
git@github.com:luozhouyang/nlp-datasets,471e2e3ad2a4b8c363c5a4080683bac5618c8c6a,nlp-datasets,4,0,0,4,4,0,0
git@github.com:lycantropos/hypothesis_sqlalchemy,6c68a065802d5efdfa3d805d9e4a79199ab46ea3,hypothesis_sqlalchemy,19,19,19,0,0,0,0
git@github.com:maboualidev/PyJsonFriendly,8b1ee498bc7a27024851b5101bf09913031e2477,PyJsonFriendly,8,0,0,8,8,0,0
git@github.com:maceoutliner/django-fiction-outlines,a802f0884fd9ab6dcc6660ee684ee80fd53ec0ba,django-fiction-outlines,169,0,0,169,169,0,0
git@github.com:macropin/django-registration,b66ddb4b0044c5a0f24b6a23d5387f68b6d7e577,django-registration,144,1,1,143,143,0,0
git@github.com:madspindel/swish-python,cee2a147b1d567417aa6e37e9a3fd60ca269c69a,swish-python,11,0,0,11,11,0,0
git@github.com:mahmoud/lithoxyl,9961553a065a1ad8bb7a2407fe74f2cfd6c79a20,lithoxyl,35,35,35,0,0,2,2
git@github.com:majkelx/astwro,0486bc622759ea214a376a9e4035d6d3e350f61b,astwro,1,0,0,1,1,0,0
git@github.com:malongge/exceltojson,6724c7de5153a7b125011e879419273589206d0d,excelt2json,14,14,14,0,0,0,0
git@github.com:malpunek/dame,d6568d3088dd0a8b87eb5d278e04ab857a622418,dame,19,19,19,0,0,0,0
git@github.com:markokr/rarfile,65810aceeb872ed61ec14cb615ed12feefbbb89e,rarfile,139,139,88,0,0,0,0
git@github.com:markperdue/pyvesync,4a43bad8a7b9d3b2e7f580f1f3739f27a00bdc2b,pyvesync,99,93,79,6,6,0,0
git@github.com:markusressel/container-app-conf,02584f7f2ef2615fa7da8bd551aede88afb29919,container-app-conf,34,0,0,34,34,0,0
git@github.com:marshmallow-code/flask-smorest,02e9e84def5ace80522c76b830fbef9930a28771,flask-smorest,572,572,85,0,0,0,0
git@github.com:marskar/nbless,9b6df96dd09b135232679c202d829c5bcca8a51e,nbless,14,11,11,3,3,0,0
git@github.com:martyni/autoyaml,be3f450667bcca477683e63bcc49c67c5d170855,autoyaml,6,0,0,6,6,0,0
git@github.com:matheusbsilva/plai,1d3bfb0438bb6bd2f8d8e42f17207f9449319763,plai,61,61,61,0,0,0,0
git@github.com:matheuswhite/bluebees,ca18ee6dae60393480bac3893038790957727748,bluebees,4,0,0,4,4,0,0
git@github.com:matlink/gplaycli,b161dbffa64ddc7081ca7c880ce27f84c2f0a0d8,gplaycli,13,13,13,0,0,0,0
git@github.com:mattdavis90/base10,93577e85215e4cd7f02a504ff6a23501d56a1748,base10,24,24,24,0,0,0,0
git@github.com:mattjegan/rancat,b59f5abf7e187816034be9169ecd53af87ce017d,RanCat,22,22,22,0,0,0,0
git@github.com:mattpitkin/psrqpy,f4e7d685ebb4b3bf086e3f998f68cc3c4e1914fb,psrqpy,29,29,29,0,0,0,0
git@github.com:matzhaugen/analytic_shrinkage,752a0f90696b1ca27a8b84ada3616cdfc98004a9,analytic_shrinkage,5,5,5,0,0,0,0
git@github.com:maubreville/SlideRunner,2a68af8b9cb2238d95cfe3281379de40b5469fc0,SlideRunner,3,0,0,3,3,0,0
git@github.com:max-k/flask-multi-redis,fa781d3598448a6429309a686de9a8adb53f9f34,Flask-Multi-Redis,33,33,33,0,0,0,0
git@github.com:maximdanilchenko/mgun,11540dd661afd2e8a18dd74ca0a5b416f671a4a1,mgun,36,36,12,0,0,0,0
git@github.com:maxpoint/spylon-kernel,2d0ddf2aca1b91738f938b72a500c20293e3156c,spylon-kernel,31,19,19,12,12,0,0
git@github.com:maxrousseau/pfla,1518c40cc99008e66a74da69e9a87a307591e2ad,pfla,6,6,6,0,0,0,0
git@github.com:mbhall88/taeper,03d9e184428ef36fae19a91b339cff81fcf73d73,taeper,19,0,0,19,19,0,0
git@github.com:mcbarlowe/nba_scraper,42a2a1f8f73f6d8ed97636582899d5efda8d0665,nba_scraper,15,15,15,0,0,0,0
git@github.com:mehdisadeghi/clashogram,5b8cc18adfc92ad381040ee25b750df462122939,clashogram,42,0,0,42,42,0,0
git@github.com:melissawm/skprocrustes,05b6fd4fcc6cb0d7b8d1115dc562a0f8f7e227b2,scikit-procrustes,101,0,0,101,101,0,0
git@github.com:menegazzo/travispy,54b6974c98be7cab5f8129bb49fa96e20fef31af,travispy,29,29,22,0,0,0,0
git@github.com:mentaal/r_map,56cad81c91153d81e831d6afa49b92e5117c2171,r_map,66,66,66,0,0,0,0
git@github.com:metachris/logzero,b5d49fc2b118c370994c4ae5360d7c246d43ddc8,logzero,19,19,19,0,0,2,2
git@github.com:mfreeborn/fastapi-sqlalchemy,8ddf0edab22873365441757107ce21234bc09f8f,fastapi-sqlalchemy,12,12,12,0,0,0,0
git@github.com:mhajiloo/persiantools,ebe2f89bbffca4736d6dc0945110d6c2448b4eb6,persiantools,31,0,0,31,31,0,0
git@github.com:miLibris/flask-rest-jsonapi,b44bc08b11213d49fadae873650d3555889052ec,flask-rest-jsonapi,102,102,102,0,0,2,2
git@github.com:michaelorionmcmanus/tight,34a332dd6096807e373ea8050df4f795411e6b74,tight,28,28,28,0,0,2,2
git@github.com:michaelpb/bupper,d3751472b90132e781dfb32310b5b567658b7f31,bupper,11,11,11,0,0,0,0
git@github.com:michaelpb/stowage,7c619be755b9b73fd202367bcf9014472f318834,stowage,10,10,10,0,0,1,1
git@github.com:michaelperel/putput,96bde3c2219070bfed1ca76d47a4fe7cd0bc4b44,putput,147,0,0,147,147,0,0
git@github.com:mickep76/docker-build-ami.git,614e15efb568c2406a520d2bede866fc3215a3d3,docker-build-ami.git,82,82,82,0,0,0,0
git@github.com:microsoft/knack,dc7b7d857ce3c11b2a3155b81f2470b3b579e7c9,knack,232,0,0,232,232,0,0
git@github.com:mikgroup/sigpy,3786765ad055dc246fba726306d6dd6a6984a458,sigpy,126,0,0,126,126,0,0
git@github.com:miki725/importanize,2a1731431b46fc0c2e71e15f58552916820491a3,importanize,139,139,139,0,0,0,0
git@github.com:mindey/langsplit,d30d47bd6f73852dc716f1e79225d8d49dc39daa,langsplit,11,11,11,0,0,0,0
git@github.com:minrk/pexnb,37be6eae11f977682522fc9b573fdc87eed0f515,pexnb,4,4,4,0,0,0,0
git@github.com:mir-group/flare,29c3efa9364fdd16d5598e217f146dd69091e9f9,flare,3,0,0,3,3,0,0
git@github.com:mkeshav/data-genie.git,cde77b7bdb445557f78d834d72d51bb62ad9e668,data-genie.git,40,40,40,0,0,0,0
git@github.com:mkjt2/lzdeb,ae84db7ca1af750e4decb35d238b40923c1adc8b,lzdeb,1,0,0,1,1,0,0
git@github.com:mkorkmaz/flightradar24,b8c14aa17c970672bf4f286aa6630192f450c3cd,flightradar24,7,0,0,7,7,0,0
git@github.com:mmhs013/pymannkendall,081a1dec1456b682f0f86488b50d47f9f97ec9dd,pymannkendall,14,14,14,0,0,0,0
git@github.com:mmundy42/mackinac,eccd95394e48f508576af76e6863c9f51f75a5c9,mackinac,32,32,32,0,0,0,0
git@github.com:mnmelo/lazy_import,29c74c83e90adff62d363220fee8cf7d6f0dd3c9,lazy_import,206,206,7,0,0,4,1
git@github.com:mohankishore/python_dynamodb_lock,be57d31492893ceb773e46892eaeb04858e287f3,python_dynamodb_lock,29,0,0,29,29,0,0
git@github.com:mojochao/configaro,d7b432fb2f99c4cb3c3208082f0afff62454c83d,configaro,28,20,20,8,8,0,0
git@github.com:mortele/OccamTools,26c47709f6b870c89403f03ade0950de9f301639,OccamTools,68,68,68,0,0,0,0
git@github.com:moyasar/moyasar-python,aa8716ae3f98f8782141abe6869dfbb90af98b62,moyasar-python,17,17,17,0,0,0,0
git@github.com:mozilla/PyPOM,9cb84df9d27b428b4e7423d1bbe6502e92990154,PyPOM,283,283,90,0,0,1,1
git@github.com:mqtran01/python-yahoo-finance,9a4bb17d24cf81214c1778cae3f231a3f0e93516,python-yahoo-finance,20,14,14,6,6,0,0
git@github.com:mrf345/flask_datepicker,2dd57635413bddf73a0e064cd5b2f3a743b56f99,flask_datepicker,5,5,5,0,0,0,0
git@github.com:mrf345/flask_googletrans,e7ec3057bdbe57bb30928edc41fdeb0d19a0984d,flask_googletrans,10,10,10,0,0,0,0
git@github.com:mrmechko/neon,42ad78e3d79583a93abce6d06b81dafc29017514,neon,3,3,3,0,0,0,0
git@github.com:mrob95/Breathe,4600818e24f4156cd7bb8cc0f43886b27323968e,Breathe,5,0,0,5,5,0,0
git@github.com:mstuttgart/pycep-correios,44fd6a1ede24d6215afa573a9faa2f0db58bad25,pycep-correios,11,6,6,5,5,0,0
git@github.com:mswart/acme-mgmtserver,c3a0d90f80ced8724515e7bbec3764b16581e5b6,acme-mgmtserver,172,172,90,0,0,0,0
git@github.com:mtik00/yamicache,1109d08b18be94bdee55e113309f7be29f25d840,yamicache,22,22,22,0,0,3,3
git@github.com:mtkennerly/dunamai,0f35675e96835726d8e9dbd3901d9f7b029154d3,dunamai,37,37,37,0,0,0,0
git@github.com:my8100/logparser,ed7948b271884af68eb3bb13fa9ee51a4892552c,logparser,35,35,35,0,0,0,0
git@github.com:n8henrie/eyeflask,0fc6b042aac6e30885ecb2d6817fb67fad6e07d4,eyeflask,7,7,7,0,0,0,0
git@github.com:nMustaki/debinterface,abd30a55dcbadc30fd66143adc196034b663054f,debinterface,45,0,0,45,45,0,0
git@github.com:nabla-c0d3/sslyze,bf1b01048560308654b31bf55ad2d2363285f95f,SSLyze,19,0,0,19,19,0,0
git@github.com:nacos-group/nacos-sdk-python,34c0dff8b78956331788d5ffa7f11811465e05ae,nacos-sdk-python,13,0,0,13,13,0,0
git@github.com:naorlivne/parse_it,886d7de0e74e67edc136411a5220e35c1149e743,parse_it,123,0,0,123,123,0,0
git@github.com:napalm-automation/napalm,0e23a55f52221e528be66c1f06a141f937e842f7,napalm,522,423,257,99,99,15,1
git@github.com:narfman0/gtsrvd,af78aa061c910658dfbc89d24171dff334b087f9,gtsrvd,6,0,0,6,6,0,0
git@github.com:nateraw/BeautifulSauce,f587e638abea1716427713d8a814e30331efb18b,BeautifulSauce,13,0,0,13,13,0,0
git@github.com:nats-io/nats.py,b77bd2be28296fd4e1db9082f634bb80c7690b29,nats.py,83,0,0,83,83,0,0
git@github.com:ndbroadbent/icloud_photos_downloader,e5f304941e2a74b1fbda06c4270ec2fc100e6a49,icloudpd,38,0,0,38,38,0,0
git@github.com:nec-baas/baas-sdk-python,83b0916af0e4f3167a232ac7eb06b82331adc172,baas-sdk-python,148,148,134,0,0,0,0
git@github.com:netedgeplus/aiobfd,090122474d5bf6266393f0908c13be5812fdb1c3,aiobfd,91,91,91,0,0,0,0
git@github.com:netleibi/seccs,927bcbe41d2db80281fff0b4a1cbedcaae0bfaf9,seccs,21,0,0,21,21,0,0
git@github.com:netrack/tensorcraft,15295b29a82927e94db22ebbcc17d4291348a165,tensorcraft,8,0,0,8,8,0,0
git@github.com:neulab/compare-mt,92502b30b1f228773179a01dd86fe1b8dfd400e5,compare-mt,19,0,0,19,19,0,0
git@github.com:neurodsp-tools/neurodsp,19aa50c71deaa19e4ed85efa192afa8ab63d0bf1,neurodsp,122,122,122,0,0,0,0
git@github.com:neuropoly/axondeepseg,7a0e6f130f79086de35c2d996612dae132ebfc3e,axondeepseg,8,0,0,8,8,0,0
git@github.com:neuropsychology/NeuroKit.py,fc77dc94e421d5b166a5516b7186bae483d753bd,NeuroKit.py,15,0,0,15,15,0,0
git@github.com:newrelic/newrelic-lambda-cli,a08271396c7451b7c4e7ccf905353dbe3782ef40,newrelic-lambda-cli,4,0,0,4,4,0,0
git@github.com:nficano/pytube,b610f399722e001e99ee88d3673c148d903c5948,pytube,163,163,148,0,0,1,1
git@github.com:nicolaszein/autodiscover,3009f81c51b7a4cb077427e429d740db98eb173b,autodiscover,2,0,0,2,2,0,0
git@github.com:nielstron/pyblnet,24a5de966067adc492c0b5c6899c50e7822e15c1,pyblnet,13,1,1,12,12,0,0
git@github.com:nielstron/pyfronius,5aee17d94330547b6ff2a72df3daff380f8f831c,pyfronius,8,0,0,8,8,0,0
git@github.com:nilp0inter/threadedprocess,0120d6e795782c9f527397490846cd214d9196e1,threadedprocess,6,6,4,0,0,3,1
git@github.com:nipy/nipype,f2a2034c5198d955318d76163dee9562314d1eb0,nipype,2300,2300,2083,0,0,0,0
git@github.com:nir0s/clu,77da967a4577ca4cf100cfe34e87b39ad88bf21c,clu,153,153,153,0,0,0,0
git@github.com:nir0s/ghost,77da967a4577ca4cf100cfe34e87b39ad88bf21c,ghost,153,153,153,0,0,0,0
git@github.com:nishaq503/CHESS,6f84e7e98d328150170141621cc095dfa80ef67e,CHESS,74,0,0,74,74,0,0
git@github.com:niteoweb/pyramid_mixpanel,e68cbf3b329a87ad5b02758ce3a08acb6de3c7fc,pyramid_mixpanel,27,27,27,0,0,0,0
git@github.com:nithinmurali/pygsheets,01b9548dd56b50fa93e4a92ab879b048ae282158,pygsheets,60,60,60,0,0,0,0
git@github.com:nitmir/policyd-rate-limit,79eb4e1760fb9c0ea6e205cb6a0953be8105e0d4,policyd-rate-limit,13,0,0,13,13,0,0
git@github.com:nmasahiro/crfmnes,5fc9625c86135fb5e8824f867a08cc410d3638bd,crfmnes,10,10,10,0,0,0,0
git@github.com:nordwind80/BT-Tracker,558c15b399871c1ca11d0c4ae1eb598e3060931e,BT-Tracker,11,11,11,0,0,0,0
git@github.com:notsag/yaml-resume,25ad6695993a7dab540730e8743d88b28e52df0e,yaml-resume,24,24,20,0,0,0,0
git@github.com:novafloss/raincoat,ac524553805317f2200520d2548d950668352eee,raincoat,136,136,132,0,0,0,0
git@github.com:ntamas/aio-usb-hotplug,7eed5a87c974038db6c2b8e2a998e9b8b79ec5ac,aio-usb-hotplug,15,15,8,0,0,0,0
git@github.com:nteract/scrapbook,f681427fcc721e303e3d21fb3974b3bfa43d5445,scrapbook,136,136,80,0,0,0,0
git@github.com:numberly/appnexus-client,8d39ff7b9d290e0e1b9d16ea7302c0288f495bef,appnexus-client,78,78,78,0,0,0,0
git@github.com:numberoverzero/bloop,7ee0b0e20935dd0f396e758e7b0c26c76a316338,bloop,1875,1875,539,0,0,2,1
git@github.com:oasis-open/cti-stix-validator,2cb48738cc7305b1932919a7f6bbe87b52c63d70,stix2-validator,435,30,30,405,405,0,0
git@github.com:obihann/Santaslist,e678a70b41047defc42261d0b483fb75677c5c10,Santaslist,5,5,5,0,0,0,0
git@github.com:ocaballeror/Lyricfetch,0cf9e3c541712933b1050e942671a92028e11f9c,Lyricfetch,78,78,61,0,0,0,0
git@github.com:ohjeah/pip-validate,9651b4dd6a252650c3a707218054b1baadc8b944,pip-validate,14,14,10,0,0,0,0
git@github.com:ohke/sqs-polling,34d1375cf73e05211c73cd43bdd120ce076181c8,sqs-polling,9,0,0,9,9,0,0
git@github.com:okchaty/alegra,6c423b23a24650c9121da5f165f6f03669b98468,alegra,6,6,6,0,0,0,0
git@github.com:oleiade/etcaetera,e1370cff5fc302ccdba24e7638b720d6cc43ffc0,etcaetera,96,96,96,0,0,0,0
git@github.com:omersaraf/IOCynergy,1821423680f741d8ca06bcc6a02c8b21156f9ba0,IOCynergy,14,14,14,0,0,1,1
git@github.com:onicagroup/runway,2dee030379ae60dad6b4634f28f1138e7c3a77bd,runway,1,0,0,1,1,0,0
git@github.com:open-homeautomation/miflora,31e59bdb20dc7262ea5ee2964eeed8753806f420,miflora,58,0,0,58,58,0,0
git@github.com:openSUSE/py2pack,9c6f8eb3fd5d481aecbe4091ca0974e5a077db48,py2pack,47,0,0,47,47,0,0
git@github.com:opentargets/OnToma,0a76f30c03eb44a62223a5c83f13e2f8d9ba67a4,OnToma,23,16,16,7,7,0,0
git@github.com:opentargets/opentargets-py,4a0e5b286a82a2316329c87409994c4a1d82622e,opentargets-py,26,0,0,26,26,0,0
git@github.com:openworm/YAROM,cd4fb6cb8fac72a198858225ce89ad8b9c9175fd,YAROM,95,0,0,95,95,0,0
git@github.com:opper/pyserverpilot,b6b896fea1155fa95febde84f74e0d2230523ab0,pyserverpilot,11,11,11,0,0,0,0
git@github.com:optiflows/tukio,116b35dbceae899d7996b1788449a6e31e3f4512,tukio,30,0,0,30,30,0,0
git@github.com:osantana/prettyconf,017129f169204973d80a607f2c6684b18cc18954,prettyconf,85,85,56,0,0,0,0
git@github.com:oskar456/dzonegit,8f952086aa41aee4ebb7432926ed8c6a9211ac9f,dzonegit,21,21,21,0,0,3,3
git@github.com:osperlabs/logbeam,05a6609d6ecd066a35c79ab4ff5726c3cb69f03d,logbeam,1,0,0,1,1,0,0
git@github.com:ottomatic-io/ocopy,d5e977b7ed8ef28f8ae03b59390a7e551524e88c,ocopy,35,35,35,0,0,0,0
git@github.com:overcat/token-io,f1b14fef9fd64989b9c9e5c076272f72253b39ed,token-io,37,37,37,0,0,0,0
git@github.com:oz123/blogit,15b94969fa43aaf8dc677a8184b144ae8c0f7700,blogit,9,9,9,0,0,2,2
git@github.com:ozzywalsh/metcli,4658176034cea68955849bf488494c8ce3ffcbcd,metcli,3,3,3,0,0,0,0
git@github.com:pachterlab/kb_python,3ce4d8e655da2da74a5114c680c9d2cf3a2b328c,kb_python,129,0,0,129,129,0,0
git@github.com:pangeo-data/intake-stac,d71b2d2b0ea2f8c89cb0310706c4de6d19406e17,intake-stac,21,21,20,0,0,0,0
git@github.com:paradoxxxzero/importmagic,9d0f55ce5b552062b7971de70c4fc587564502d2,importmagic,74,74,74,0,0,0,0
git@github.com:patrickc-dev/wordoftheday,35439b87e782199813933ae6bddbfd1c6cea2b6c,wordoftheday,2,2,2,0,0,0,0
git@github.com:pawelzny/dotty_dict,b23b8a4e4d8af77a2cba99752eed776058ec08dd,dotty_dict,78,1,1,77,77,0,0
git@github.com:pbsa/bookiesports,6c19d1c5871ee2a3ff1719ebb85d027bd5e23d0a,bookiesports,7,0,0,7,7,0,0
git@github.com:pchavanne/yadll,6114234a8a25cfda7a596b9a6e75bb121de6f4d2,yadll,7,0,0,7,7,0,0
git@github.com:pedrovanzella/do-the-webp,09b372de1c4f1d73d9284517c57c0d869f55144b,do-the-webp,8,8,8,0,0,1,1
git@github.com:peinan/swpy,262515d410bddaa3da72721ae2c11cfda1e2ee37,swpy,7,0,0,7,7,0,0
git@github.com:pierrepo/autoclasswrapper,af43dd833e5586386098d1793a59332e968069da,autoclasswrapper,32,32,32,0,0,0,0
git@github.com:pika/pika,a3ae3e5aae3fd546e9ae73bff0175f5d61a9d39a,pika,97,0,0,97,97,0,0
git@github.com:pmuller/purge-old-files,e9161668f7401661ae943ec6e29422e2f9f7600d,purge-old-files,1,0,0,1,1,0,0
git@github.com:politeauthority/docker-pretty-ps,2fcc9db4e391df2b96ccc2e967b41b6263fdcc2d,docker-pretty-ps,18,18,18,0,0,1,1
git@github.com:polyswarm/polyswarm-cli,cfb483b065d516567a313c5c46c7ffdb019d52ea,polyswarm-cli,55,0,0,55,55,0,0
git@github.com:popadi/git-profiles,ca20173f63f57c21868c4c49c1e5c515d4bc87fd,git-profiles,18,18,18,0,0,1,1
git@github.com:potykion/docci,24cb73232d32e69a412512ed2f110fbbfde99768,docci,20,15,15,5,5,0,0
git@github.com:povieira/noipy,c35add5386b57547c5a72650145a267dc88fa77e,noipy,24,0,0,24,24,0,0
git@github.com:prahladyeri/cfgsaver,9654076b418c96bcddbf2fddc5fdb0f6f4117278,cfgsaver,2,2,2,0,0,0,0
git@github.com:prancer-io/cloud-validation-framework,94522590d9881a5125d81da701a65f7f63383c0d,cloud-validation-framework,168,168,168,0,0,1,1
git@github.com:prometheus/client_python,5b0a476489fc6a26c177683b539142c91005de06,client_python,256,26,3,230,230,0,0
git@github.com:prymitive/upaas-common,7a7d9ffb385151092c637c3ef500a79623c005ae,upaas-common,91,91,91,0,0,1,1
git@github.com:psakkaris/qudotpy,64539c30053bfaf9085d4171c6517ca33b5ca0b1,qudotpy,27,0,0,27,27,0,0
git@github.com:psbleep/cork,e2c5f9d79d102f46e334f608389a10ae864003d3,cork,24,24,24,0,0,0,0
git@github.com:ptrv/gpx2spatialite,ea9224cbc32c49409371ff64884c3741353e548d,gpx2spatialite,12,12,12,0,0,0,0
git@github.com:pustotnik/zenmake,6cff05114cea34fc204d9e95422f11dc25cd1228,zenmake,832,832,113,0,0,1,1
git@github.com:pwwang/pymedoo,e4fa7572e3f1f0365cdc409042c27324105f9768,pymedoo,247,247,82,0,0,14,7
git@github.com:pwwang/pyparam,837291606842b55dd3adfde552ddff2c5adce719,pyparam,241,241,71,0,0,13,1
git@github.com:pwwang/python-varname,529a90b6e8bc090117ba617424abb9e1a2d0c002,python-varname,32,28,28,4,4,1,1
git@github.com:pyasi/pybuildkite,5b9ffd36bbb7ad600eec2bc5b90a89b8b84814f9,pybuildkite,66,66,55,0,0,0,0
git@github.com:pyconll/pyconll,06481595c7816608facab72b5e7087cc01cb7482,pyconll,126,126,126,0,0,0,0
git@github.com:pycqa/mccabe,e92e9e79799c5796f76f3da821dbb5aa56e41028,mccabe,14,0,0,14,14,0,0
git@github.com:pydata/pandas-datareader,d2ef4e62e584d87f424749ff7ecd28af64cc9e53,pandas-datareader,176,176,164,0,0,0,0
git@github.com:pydicom/pydicom,9561c5d40ec96076c974b5987767dc7b78c500a6,pydicom,1907,1907,1252,0,0,0,0
git@github.com:pypr/compyle,f557e49c7e18a49efdb5807ac650ba590db81cb2,compyle,293,111,77,182,182,0,0
git@github.com:pypyr-scheduler/pypyr-scheduler,511841de41eec03e847f8519f6192fc71d65dec3,pypyr-scheduler,20,20,20,0,0,1,1
git@github.com:pytest-dev/pytest-django,e613a885b019574e3c60f127539c878b187c914a,pytest-django,179,168,154,11,11,0,0
git@github.com:pytest-dev/pytest-html,8d45718226fd301dcdec551d9c94316d3d06c64b,pytest-html,76,76,51,0,0,0,0
git@github.com:pytest-dev/pytest-mock,747a1e6c884869e2d55fc32b8843251494b02cc5,pytest-mock,63,63,50,0,0,0,0
git@github.com:pytest-dev/pytest-selenium,2a7942d3ed793436ed7d890bf136a54d14104394,pytest-selenium,99,99,77,0,0,0,0
git@github.com:pytest-dev/pytest-subtests,96fc692a151f0709bf8ee209f8ce5d37b035f076,pytest-subtests,19,19,9,0,0,0,0
git@github.com:pythological/kanren,bacc7eb5895c348e348c1b5291ddf188f88c5c88,kanren,86,86,77,0,0,0,0
git@github.com:python-dugong/python-dugong,00dd4d5aab6eddb116cace2829a9f93bda153664,python-dugong,118,118,55,0,0,1,1
git@github.com:python-odin/odinweb,198424133584acc18cb41c8d18d91f803abc810f,odinweb,450,450,142,0,0,12,1
git@github.com:pythonprobr/libpythonpro,96480344e6dd16f8257f16cf273110781bf0d4b0,libpythonpro,13,13,10,0,0,0,0
git@github.com:qiyangduan/schemaindex,83bfb96c78d194370b068e11f89a9e4d6af48a46,schemaindex,5,5,5,0,0,3,3
git@github.com:quantenschaum/piripherals,74e4807a64363e3c95a03222fa250a1073387eaf,piripherals,85,85,85,0,0,0,0
git@github.com:quantopian/qgrid,877b420d3bd83297bbcc97202b914001a85afff2,qgrid,27,27,27,0,0,0,0
git@github.com:raamana/pyradigm,01d47cf34a9af4bb104e2891559059a522221b4d,pyradigm,114,114,114,0,0,1,1
git@github.com:radeklat/issue-watcher,16e126be400122e7162d6d16efecd3ef5e9d6a73,issue-watcher,88,88,60,0,0,0,0
git@github.com:radeklat/words-to-regular-expression,6be1a3846f4bc07a2264b72d1e1ee031c605bac7,words-to-regular-expression,39,0,0,39,39,0,0
git@github.com:radzak/rtv-downloader,b9114b7f4c35fabe6ec9ad1764a65858667a866e,rtv-downloader,68,68,46,0,0,0,0
git@github.com:rafaelportugal/Flask-InterfacePubSub,60904ceafed88e25c1504aa0300d37780c09c50b,Flask-InterfacePubSub,8,0,0,8,8,0,0
git@github.com:rajathagasthya/cuckoopy,e5fab0c4826387f99ddafb0365759cb7111cfd64,cuckoopy,18,18,18,0,0,0,0
git@github.com:rajatomar788/pywebcopy,2852d1856783be3bc7e4725c5df850b15defa70d,pywebcopy,89,0,0,89,89,0,0
git@github.com:raphaelvallat/pingouin,08560bb978949e97653b203f7374e90b022b88fb,pingouin,83,0,0,83,83,0,0
git@github.com:raphaelvallat/yasa,fd5ea7d42a965db5c74682c062a8833a771ca4cf,yasa,24,0,0,24,24,0,0
git@github.com:ratschlab/immunopepper,f492ba8c7183061bdc937534f5ac73e1cc7600ae,immunopepper,2,0,0,2,2,0,0
git@github.com:rcourivaud/logstash_logger,135f9b314428717909f4cda17298db7100b1e7d3,logstash_logger,7,7,7,0,0,0,0
git@github.com:rduldulao/tornado-swirl,b8df27efc3d7fd0dce0f0290767c94ac2e747311,tornado-swirl,43,23,23,20,20,0,0
git@github.com:readbeyond/aeneas,4d200a050690903b30b3d885b44714fecb23f18a,aeneas,824,0,0,824,824,0,0
git@github.com:reclosedev/lathermail_client,d20e74e7681f17d780f1b97203339c01bd9ff52a,lathermail_client,5,5,5,0,0,0,0
git@github.com:reclosedev/requests-cache,6717a336430eb7e6fe17e75c5517f3076ca85b42,requests-cache,55,0,0,55,55,0,0
git@github.com:rehandalal/therapist,54b860f92129421a222a5976065c2356b0a9e63c,therapist,144,144,144,0,0,0,0
git@github.com:reincubate/deviceidentifier-py,e6ddf73c6ab3b26a703bca8619fc999dfeaeb5d2,deviceidentifier-py,8,8,8,0,0,0,0
git@github.com:release-engineering/pubtools-pulp,1ecae6811d973d80cbdda41961ba3301359da9dd,pubtools-pulp,58,58,50,0,0,0,0
git@github.com:rerobots/py,a0c46eda362355b8f7c84243724f48e916251319,py,2,0,0,2,2,0,0
git@github.com:revfyawo/revfyawo-mongo,8682ccc2ef1a03a07dc0aef45b2230207f31eac6,revfyawo-mongo,6,6,6,0,0,0,0
git@github.com:richardkiss/pycoin,7450398576ccdd1fcc071144c59a57c2155688c5,pycoin,1807,2,2,1805,1805,0,0
git@github.com:righ/tesdat,20533d1e53c0b271e1ddf54613ebbab7b5cc5167,tesdat,54,0,0,54,54,0,0
git@github.com:rlee287/pyautoupdate,8852b64178b65f9c28cac10d6d2ab23331e49437,pyautoupdate,38,38,38,0,0,0,0
git@github.com:rmarkello/abagen,4af521f6d7e71d4bbebb4960ff2447256e2447eb,abagen,2,0,0,2,2,0,0
git@github.com:robertopreste/apyhgnc,26efa764a2262cfa12c8a2f0f077569e7f3e4e79,apyhgnc,4,0,0,4,4,0,0
git@github.com:robofab-developers/fontPens,101eb7075ed4daa07eecebb779b4d880e59a58eb,fontPens,21,0,0,21,21,0,0
git@github.com:robotools/fontMath,7f84204033c2d0a284d02e626320ee27c3dfa5ee,fontMath,127,0,0,127,127,0,0
git@github.com:rochefort-lab/fissa,2077a8c8a029948dcf1d4c352f785700f42aff9f,fissa,110,1,1,109,109,0,0
git@github.com:rockscie/async_blp,acb8777ccf2499681bde87d76ca780b61219699c,async_blp,8,0,0,8,8,0,0
git@github.com:roclark/sportsreference,0041953074d6c20f607049917f3b526c9af686a4,sportsreference,681,681,681,0,0,0,0
git@github.com:rorymurdock/basic_auth,622f2133c13988cec549f4ea55bed14e50f90876,basic_auth,22,22,22,0,0,1,1
git@github.com:rpdelaney/pwstore,b2f391480927def538dd0e56f37aa867c0b20fe1,pwstore,47,47,47,0,0,0,0
git@github.com:ru-corporate/boo,f2faba41ec4a97673a3f1cb29cb80d2b7ca701ec,boo,32,32,32,0,0,0,0
git@github.com:runwayml/model-sdk,3132b2ab424f1020e8d30e4897057103ab3e6623,model-sdk,149,149,149,0,0,0,0
git@github.com:ryanhiebert/hirefire,cf8686d127cc914cea350350b5bfe8acfa4163ce,hirefire,3,3,3,0,0,0,0
git@github.com:rymurr/dremio_client,027329f0910ab26a08774f11bd47a5a6999038cc,dremio_client,12,12,12,0,0,0,0
git@github.com:saabeilin/kafkian,79eb88b874876632590fea48afcab09592c717dd,kafkian,20,20,15,0,0,1,1
git@github.com:saga-vcs/saga,7beaae8831696ce813aa85620387e416719198db,saga,104,104,83,0,0,0,0
git@github.com:samreay/ChainConsumer,3206a98f5e121ff3e17c30c840710bd7fda59fca,ChainConsumer,224,224,224,0,0,0,0
git@github.com:samuelduchesne/pyTrnsysType,6cf552e4ccd66f7b728e84654e580befe2061114,pyTrnsysType,88,88,81,0,0,3,3
git@github.com:samuelvanderwaal/fat-py,c7cd5f626d53d97fc777810fdde396521d649c3f,fat-py,5,0,0,5,5,0,0
git@github.com:sanjaz/lazypr,226895868769f613d9e905f265a4fd7c421d2fd4,lazypr,2,2,2,0,0,0,0
git@github.com:santoshphilip/eppy,98e58583dce6c0fcec9c7b1ff1142bae0a67ddc7,eppy,218,218,209,0,0,4,4
git@github.com:sarugaku/mork,92068b97cebf0d44119ec8db994124174926f7c4,mork,11,11,8,0,0,0,0
git@github.com:sashgorokhov/python-telegram-handler,4ac0e5cbb6ac3c3f81a57be6b3cea49dfd8e8ec4,python-telegram-handler,16,16,16,0,0,0,0
git@github.com:sat-utils/sat-search,5f55e6ebcd8870c27924521e136e872c75556a49,sat-search,16,0,0,16,16,0,0
git@github.com:sayanarijit/typecov,8d9ff5815b73bbc26e729285e8816dce74ab6d4c,typecov,5,5,5,0,0,0,0
git@github.com:scikit-build/scikit-build,1a25f132ef746e90d41ed165892fd68a44a81403,scikit-build,230,230,102,0,0,0,0
git@github.com:scikit-hep/scikit-hep,e78234da9e754e380a7d871afb56b20baa73b99b,scikit-hep,56,56,56,0,0,0,0
git@github.com:scikit-learn-contrib/imbalanced-learn,0eb90333ca3b0095b430ac3976ffe1b3e6fe9be5,imbalanced-learn,5,0,0,5,5,0,0
git@github.com:scrapinghub/scrapyrt,f8ee7b79fcfeaf4da83d831147d3ae28d8cf5f90,scrapyrt,94,34,25,60,60,0,0
git@github.com:sdrobert/pydrobert-gpyopt,ce2699ca89687f848c2a86db44eed125d65886de,pydrobert-gpyopt,1,0,0,1,1,0,0
git@github.com:sdrobert/pydrobert-speech,ed023518408034c2ed1c77c938f0f379d476b121,pydrobert-speech,738,738,36,0,0,0,0
git@github.com:sdrogers/vimms,fcae1a81b4fa4c4913fd0bd3af9b79be8122feaa,vimms,21,21,21,0,0,0,0
git@github.com:seanbreckenridge/keepassxc-pwned,aead83c1749b62006a28526905d8fee5cd2ae902,keepassxc-pwned,35,35,35,0,0,1,1
git@github.com:seanpar203/event-bus,5353d6472926a299ab4f3a8c33114a725d5b7639,event-bus,9,9,9,0,0,2,2
git@github.com:securenative/securenative-python,0eae99733b7565341487ad32f044be8dc51032cd,securenative-python,37,0,0,37,37,0,0
git@github.com:seperman/deepdiff,df5f49046b3c39673003968fc484a6a733b24abc,deepdiff,562,562,410,0,0,0,0
git@github.com:sephii/taxi,a330f044017c2862ba41fd7fa2e5f35d8807f968,taxi,237,233,231,4,4,0,0
git@github.com:sergioburdisso/pyss3,0522e0dc3d07e2c842df8e975e68244beda4b4c5,pyss3,18,18,10,0,0,0,0
git@github.com:sergiormb/python_filmaffinity,b8042de57e95f38a1c767a84ba77cc74f70a1e2c,python_filmaffinity,22,0,0,22,22,0,0
git@github.com:seung-lab/chunkflow,56301bbf49af289739d6d0612772de43e0f9b586,chunkflow,17,0,0,17,17,0,0
git@github.com:sgaynetdinov/py-vkontakte,b03246b8d4b6f5ee5ab7e5c67e09e1f14b85fd9c,py-vkontakte,68,68,29,0,0,0,0
git@github.com:shadow-light/npmenv,4c1f0c2a2ae300217f2f55421195a5b98b4b6a7e,npmenv,22,22,22,0,0,0,0
git@github.com:shalev67/EZconfig,2cedba67fbfe0ca448ccf7134b51e4e9329a6d16,EZconfig,18,18,18,0,0,0,0
git@github.com:shanbay/peeweext,97a5123f4254fa6812d565fc564f2622977eb632,peeweext,16,16,16,0,0,0,0
git@github.com:shidenggui/easyquotation,01d7f8795a460b284ff1af8221903156d23b335f,easyquotation,8,0,0,8,8,0,0
git@github.com:shin-/dockerpy-creds,9c0b66d2e445a838e1518f2c3273df7ddc7ec0d4,dockerpy-creds,7,7,7,0,0,0,0
git@github.com:silenc3r/dikicli,2304a0ab3cd07b442207a347f2924699741a52bd,dikicli,11,0,0,11,11,0,0
git@github.com:sjbitcode/groc,89be28338ecc057b16c430b3f3765f53ae0e934c,groc,128,128,96,0,0,0,0
git@github.com:sjoerdk/anonapi,5e70dfd9fcb7dcc4e2345a6a153d9530f4886e73,anonapi,132,132,110,0,0,1,1
git@github.com:sjoerdk/yeahyeah,bf8c5b8851cb1aeeeb2abfcb92da00c7551f884e,yeahyeah,63,63,34,0,0,0,0
git@github.com:slarse/pdfebc,ddc7b88f2b7df0063345c3e8c940ac76832a4af8,pdfebc,31,0,0,31,31,0,0
git@github.com:slarse/pdfebc-core,fc40857bc42365b7434714333e37d7a3487603a0,pdfebc-core,39,0,0,39,39,0,0
git@github.com:sobamchan/sister,5850d8fbd1789df1c68634284fa51490a395b7b2,sister,4,0,0,4,4,0,0
git@github.com:socialpoint-labs/sheetfu,68015416ef34bd20553c7f667ece001a36371f7b,sheetfu,3,0,0,3,3,0,0
git@github.com:socialpoint-labs/sqlbucket,b5e8d2a05a02e891733fbb8c87bcdfd08195e82a,sqlbucket,57,57,57,0,0,0,0
git@github.com:solegalli/feature_engine,ba4d7050b3923d620c1773b66cd4c51ed24498dd,feature_engine,57,57,57,0,0,2,2
git@github.com:sonata-nfv/tng-sdk-package,dc505568618dc8e67981d176e2c2bb87d65f442d,tng-sdk-package,10,0,0,10,10,0,0
git@github.com:sonatype-nexus-community/jake,a1dd3401c8f3faac41dad8a836c2b3d9e7f4098d,jake,23,0,0,23,23,0,0
git@github.com:sosy-lab/benchexec,d29aba0c958dd034b172c099df6c4bf394087222,benchexec,293,0,0,293,293,0,0
git@github.com:spacetelescope/relic,d5fc7bf6dbe01eb89de3ff5c2f6cfec2b4a6047d,relic,26,26,26,0,0,0,0
git@github.com:sphinx-gallery/sphinx-gallery,387900334ace5c0bf74e9e90aad1e8d2a54e6f17,sphinx-gallery,161,161,105,0,0,0,0
git@github.com:sphoneix22/italian_dictionary,6758bf1afd6bfd85f874936f8f878246ab8209b4,italian_dictionary,6,6,6,0,0,0,0
git@github.com:sporestack/bitcash,80a61111bd50cf37f6a601eecd0424f04b971514,bitcash,188,188,188,0,0,0,0
git@github.com:spulec/freezegun,b46da782a7a051081fd51577749cfc0074db0cc6,freezegun,112,102,101,10,10,1,1
git@github.com:sputt/qer,c77e6777967ee660447beb9522c867a7233ef78d,qer,281,281,105,0,0,0,0
git@github.com:sputt/req-compile,c77e6777967ee660447beb9522c867a7233ef78d,req-compile,281,281,105,0,0,0,0
git@github.com:stackify/stackify-api-python,c2625f558c41dc6c79474226b1ca7766b192dd66,stackify-api-python,89,0,0,89,89,0,0
git@github.com:staffanm/layeredconfig,c0eae96da7848ea52b43ac947f284eb2324d9ce1,layeredconfig,175,0,0,175,175,0,0
git@github.com:starofrainnight/licenraptor,ed543a2b43b75d733579509a78161928ac29234c,licenraptor,65,65,34,0,0,0,0
git@github.com:stateya/m3u-dump,1ec3eeedb4c650af76c6c66859375ca2d2a6e1bc,m3u-dump,13,13,13,0,0,1,1
git@github.com:stephen1000/enpyronments,0848c55a2a1b132b3beba94265c103ba49385c8f,enpyronments,695,689,14,6,6,57,1
git@github.com:steven-murray/powerbox,315e30b40b22e050304ca3a6600b8a1f28301c0b,powerbox,74,74,48,0,0,0,0
git@github.com:stfc/fparser,4be91d2e1078fa5588e84a3299131f297afba675,fparser,2360,2360,850,0,0,3,3
git@github.com:stoltzmaniac/WattTime,1f2761a752c6cc241c20e854a7a247349b57be36,WattTime,8,8,8,0,0,0,0
git@github.com:strizhechenko/netutils-linux,dfcb0900ffffa3020656338bbab123f6da00a168,netutils-linux,10,0,0,10,10,0,0
git@github.com:sttlr/proxipy,f9b08d8f3fc7dd0089b6c2fbe83d2671dc51472d,proxipy,18,18,8,0,0,0,0
git@github.com:sttlr/spacedr,543f0d4dcdac4298a6c19145cd085322103c30d6,spacedr,24,24,12,0,0,7,3
git@github.com:sulab/WikidataIntegrator,2ce3477b47447e335dd5e7413396fecf306c7146,WikidataIntegrator,9,0,0,9,9,0,0
git@github.com:summa-tx/riemann,0fda32e783487572c869aaabc6af7adba01cbd00,riemann,228,0,0,228,228,0,0
git@github.com:sunscrapers/djoser,786edc2bb129d7343e54d59b15b682689f534e46,djoser,130,0,0,130,130,0,0
git@github.com:supercoderz/pyflightdata,ae59893f58f8bd1630c1c8f1ab9d388bbd72ee71,pyflightdata,57,57,57,0,0,0,0
git@github.com:surycat/tukio,116b35dbceae899d7996b1788449a6e31e3f4512,tukio,30,0,0,30,30,0,0
git@github.com:sushobhit27/multiindex,b631e60bd47558eca9067a0dc87f0e713cddc6f2,multiindex,8,8,8,0,0,5,5
git@github.com:swimos/swim-system-python,ff0cbdf07bede5dfe40ef81e0df4e99068615ca4,swim-system-python,801,0,0,801,801,0,0
git@github.com:swstephe/py2jdbc,515d06a48e54ca9f690f94fd795e49ba7758fcd4,py2jdbc,472,0,0,472,236,0,0
git@github.com:sylhare/charpy,82d82f8f3546f2104840a5026ad6c8d5157a91bd,charpy,108,0,0,108,108,0,0
git@github.com:synthego-open/ice,310495fe536b7d2eafcee80f145c55f7c65d947c,synthego-ice,7,0,0,7,7,0,0
git@github.com:syrusakbary/promise,4627315476f6b9fc82818327ae09b04f89f9bda7,promise,127,127,125,0,0,0,0
git@github.com:t-sakai-kure/pywsl,79a5bf104a53cb6d3498918e435bd88ac5331543,pywsl,19,0,0,19,19,0,0
git@github.com:tablethotels/python-tokenex,a6c1022125e8a23bfdbebccff8a762fb664a1a6c,python-tokenex,1,0,0,1,1,0,0
git@github.com:tailhook/cantal-py,108c81fd3d4667e124044c44a972cd73668d88ec,cantal,14,0,0,14,14,0,0
git@github.com:taxpon/pytidy,0a0a54b80b53dadd8ecc8ff2db42444741b75865,pytidy,6,6,6,0,0,0,0
git@github.com:tducret/amazon-scraper-python,ba10859c0c385c3d4b76429132eb307f4172df0e,amazonscraper,14,8,8,6,6,0,0
git@github.com:tducret/trainline-python,9c9991346f0d2578f8676c353df140bb0b60bd91,trainline-python,21,18,18,3,3,0,0
git@github.com:teamhide/pythondi,913e6a60fc5d02c3db385ad322f970ecec36969b,pythondi,15,15,15,0,0,1,1
git@github.com:the16thpythonist/rewardify-base.git,4740ec78b22fb6b9d1a62697c8592e5830a38ac6,rewardify-base.git,88,0,0,88,88,0,0
git@github.com:thegetty/crom,98bb6be4e32b4c81eb7e0b5e841a915b015abaf0,crom,84,0,0,84,84,0,0
git@github.com:thesimj/envyaml,79a220cabb69d71397310d941de205610cf5e4cb,envyaml,21,21,21,0,0,1,1
git@github.com:thiagopbueno/tf-plan,d8b6ea92604367553d566c8706a9ab0571f92a2e,tf-plan,7,0,0,7,7,0,0
git@github.com:thimic/nodal,261eeefd50298765c5722c5f7da72e6f2927bd3e,nodal,41,0,0,41,41,0,0
git@github.com:thoth-station/solver,799266429f1adaead649964ea9cbc74ea2d1eddb,solver,3,0,0,3,3,0,0
git@github.com:thoth-station/storages,599f6fb69c6ce9fba1ea7581337d1c4b274a091d,storages,2,0,0,2,2,0,0
git@github.com:thrau/pymq,101857bca2b705c328d3bda3b26797b51e8ffb70,pymq,1,0,0,1,1,0,0
git@github.com:thundra-io/thundra-lambda-agent-python,fcd1c2b0b309721d89bd35511bd6645ebd62a5bc,thundra-lambda-agent-python,195,195,195,0,0,5,5
git@github.com:tianocore/edk2-pytool-library,ab6bac82f297b4e8fe0a0d4dcde4711b3cb1bc88,edk2-pytool-library,242,0,0,242,242,0,0
git@github.com:tim-fi/pyecs,5cc3645e3ee0bc0af02aea438092f00910976ec6,pyecs,8,8,8,0,0,2,2
git@github.com:tim-fiola/network_traffic_modeler_py3,b6ff85e94fc3ddcfafa8005650d6e579604fe739,network_traffic_modeler_py3,288,0,0,288,288,0,0
git@github.com:timb07/irritable,6d250dd716890b7b78b2b42e2f04be3058b09856,irritable,3,3,3,0,0,0,0
git@github.com:timkostka/ucal,df0ccbc5f8af54fc69df56191bd810481a17b0e3,ucal,43,0,0,43,43,0,0
git@github.com:tjdevries/easy_python_requirements,2bf905f34065637cbc781d17d8e5806892fb66d5,easy_python_requirements,43,43,43,0,0,0,0
git@github.com:tmaslen/featureflagclient-python,05cd5705d3d51488da9ce5a4d1ade65d8fd49e82,featureflagclient-python,6,6,6,0,0,0,0
git@github.com:tmurph/todo-sync,32915e9a1509aa2c4083613e256cb0d502c441aa,todo-sync,223,223,63,0,0,15,4
git@github.com:tomerten/findatabroker,204c433d51e2d2de5c132a4607cd504809fd4a71,findatabroker,14,14,14,0,0,0,0
git@github.com:tompin/multicrypto,d7ca70f26d022abac62eb4f0dfa6ceca4fcb1873,multicrypto,1,0,0,1,1,0,0
git@github.com:tomwei7/discovery-client,b10094532ae22eaebd9d093f9550fa75886a3a88,discovery-client,2,0,0,2,2,0,0
git@github.com:tonyallan/weather-au,359895b4add8d79a7820b1f568a7d68ebbaada85,weather-au,4,0,0,4,4,0,0
git@github.com:tonyyzy/GC_analysis,a8c7be317d24703272d8fa3fb76a97b4d8d7b38f,GC-analysis,12,12,12,0,0,0,0
git@github.com:torchgan/torchgan,fc8b01a1b34d0f19c4860ff6dac2568d357fe069,torchgan,28,0,0,28,28,0,0
git@github.com:toumorokoshi/vcver-python,c5d8a6f1f0e49bb25f5dbb07312e42cb4da096d6,vcver-python,34,34,12,0,0,0,0
git@github.com:transceptor-technology/trender,ef2b7374ea2ecc83dceb139b358ec4ad8ce7033b,trender,13,0,0,13,13,0,0
git@github.com:trek10inc/awsume,e1fb812d14fd4f4508ceaf9c51dcdb8d091284c2,awsume,133,133,133,0,0,0,0
git@github.com:tubone24/ebook_homebrew,7df72331e9636ad2821543144c8aef02d40b7e23,ebook_homebrew,5,0,0,5,5,0,0
git@github.com:tukiains/cloudnetpy,26f2607b890630146469cfa410fce99438ceee3f,cloudnetpy,439,439,271,0,0,1,1
git@github.com:tulibraries/tulflow,22d8043a09467b7d62e777ed847511e983afff87,tulflow,4,0,0,4,4,0,0
git@github.com:tvdboom/ATOM,8d536a54f92d446f849c964401284bce51c99d5a,ATOM,11,0,0,11,11,0,0
git@github.com:typeddjango/djangorestframework-stubs,dd7f7109870624c6cce5de9b55c985d543e715d3,djangorestframework-stubs,14,0,0,14,14,0,0
git@github.com:ultrabug/uhashring,e45d6a7a2556e73c5a2c07f2f07ac76f8c22aca3,uhashring,20,20,20,0,0,0,0
git@github.com:unfoldingWord-dev/python-resource-container,64d87f900af969f47b20b798cf00c2861435b0d8,python-resource-container,15,0,0,15,15,0,0
git@github.com:upday7/web_dict,c7be8a69028b1fa8be61417b25e322083e2dd2a7,web_dict,8,0,0,8,8,0,0
git@github.com:vanyakosmos/deezload,8a25f4657d648a3c70b6287a9828cec724c8fa0e,deezload,14,0,0,14,14,0,0
git@github.com:verdan/pyatlasclient,6c3ef3926eef059f00730b6bcc1a1787f6bbcd9c,pyatlasclient,62,62,62,0,0,0,0
git@github.com:vilkasgroup/Verifone,5509c08767a9b482cfe5a9572854cf4c73ad6c02,Verifone,31,0,0,31,31,0,0
git@github.com:viralogic/py-enumerable,c55763debfa6a8bb786a85fa68ee2cc726cecf75,py-linq,85,0,0,85,85,0,0
git@github.com:virantha/bleak,0226cdef0af2d6bcdf5a84d87c437ed75aaa7726,bleak,1,1,1,0,0,0,0
git@github.com:virocon-organization/viroconcom,f4cca9b5e8bc4c2119c7e0a4f94da5bdbe2920c7,viroconcom,1,0,0,1,1,0,0
git@github.com:vishalsubbiah/darkchess,c626de547c3e58a77f25fddb86de9b07bc47ae86,darkchess,9,9,9,0,0,0,0
git@github.com:vit0r/pyndv,a3db2ea48fb92d5cc1e77dd677b0150c773d2384,pyndv,7,7,7,0,0,0,0
git@github.com:vitalk/flask-apify,f486d2616575be0e460ccf354d22badb7d68b387,flask-apify,98,98,52,0,0,0,0
git@github.com:vkbo/novelWriter,559f2e53e410f9793ab08c2ef7ed308f75c92985,novelWriter,41,41,41,0,0,3,3
git@github.com:voxpupuli/puppetboard,974c51ad6c08d99662ba013789565f63cd431b03,puppetboard,81,81,81,0,0,0,0
git@github.com:voytekresearch/fooof,7a520c4f8ac3a44f4f18dc025b5e5d40049c9f2b,fooof,191,191,191,0,0,0,0
git@github.com:vrodgom/statmorph,e3cdadbac741e10098d08c6b4a24b978f847c98d,statmorph,1,1,1,0,0,0,0
git@github.com:vsoch/watchme,645d09b1a20ac2e078879810657e9eef7cd4d785,watchme,12,0,0,12,12,0,0
git@github.com:vstinner/perf,50352cd782ea2655e030261f618a3b47b1b8c84e,perf,162,0,0,162,162,0,0
git@github.com:vstinner/pyperf,3ba316a92dc2d95ad36259f626336d4022e6c65a,pyperf,162,0,0,162,162,0,0
git@github.com:vturrisi/torchfuel,7bcb1c645d79ad8a8d2df5f76c7f8ac00e2c6d39,torchfuel,14,14,14,0,0,0,0
git@github.com:waqasbhatti/authnzerver,bc735a1c9e1c084c40854a539a000d69a50ed486,authnzerver,1791,1791,86,0,0,0,0
git@github.com:waqasbhatti/lcc-server,b8256bf28aee42e628abe27f0203d6f5361fb84b,lcc-server,2230,2230,60,0,0,0,0
git@github.com:washad/PyRedisEasyIO,30d566760aa622ae6e8fcc1fa4abdc79b6bda614,PyRedisEasyIO,29,0,0,29,29,0,0
git@github.com:wbrefvem/python-jolokia,544f4b1fb18f2e476da95edd9dc02ef75858b6cb,python-jolokia,36,0,0,36,36,0,0
git@github.com:webdjoe/pyvesync_v2,a5677b0599912fbc6dcc6604b0342e1edec92de1,pyvesync_v2,99,93,79,6,6,0,0
git@github.com:weka-io/easypy,9501c3ee03dcb1630e58cbb73b1647056907bcea,easypy,212,212,171,0,0,0,0
git@github.com:wetneb/nifconverter,21998c88ead99cd37993d40b9f8e4858cc6d4c7e,nifconverter,22,4,4,18,18,0,0
git@github.com:wglodek/dns-over-https,af56580149c8570ea3ba6ea3a5b5b12cf3dadfd2,dns-over-https,12,12,12,0,0,0,0
git@github.com:whale2/async-kinesis-client,e7df499141854b8b7638a7ab0adce14a4d28201e,async-kinesis-client,10,0,0,10,10,0,0
git@github.com:whisller/pyeventdispatcher,5382e5e8578dea89a76481e15d410d516999055a,pyeventdispatcher,11,11,8,0,0,0,0
git@github.com:whoopnip/py-finstmt,820407a87f03377072b545923febd1086def1bec,py-finstmt,15,15,15,0,0,0,0
git@github.com:wilfredinni/coo,da9e75d46ed65599cd2223b029ac30c08496a80b,coo,89,89,24,0,0,1,1
git@github.com:wilfredinni/marlin,85f4ae0080ee9a25c1b8d2e481725ac9c42ca99f,marlin-bookmark,5,5,5,0,0,1,1
git@github.com:willforde/urlquick,db765372b73800cfa056047a3f3331820abd4ae8,urlquick,185,0,0,185,185,0,0
git@github.com:willjbrown88/geomag_wdc_web_app_interface,07a27cadc6db239e39b871a6f55f57a917ed02e4,geomag_wdc_web_app_interface,31,31,31,0,0,0,0
git@github.com:willsheffler/homog,5b49902ff3dea972f2c466abe7937546b50ee9f1,homog,36,36,36,0,0,1,1
git@github.com:willvousden/ptemcee,a411be2e29e39585212c92acea1893f955aa9be8,ptemcee,10,10,10,0,0,0,0
git@github.com:wkeeling/selenium-wire,f80339bc2da0485fbba4165375c009b90efdb3c2,selenium-wire,1,0,0,1,1,0,0
git@github.com:wmshort/cylleneus,93de520e082300b90f9f92a4ce405f3a2123748d,cylleneus,2,0,0,2,2,0,0
git@github.com:wmshort/latinwordnet,39c1af3bdf44521288fe41c5b1f551db37b6d38a,latinwordnet,6,0,0,6,6,0,0
git@github.com:wol4aravio/Intervallum,e314ee624f09b09913475b02470103095fc076ff,Intervallum,39,39,39,0,0,0,0
git@github.com:workenvoy/firestore,4933f1a9f307539a8cef4ea80869c8821a92bc8d,firestore,77,1,1,76,76,0,0
git@github.com:wroberts/wkr.py,dbb3c1742c10bfaf697fa276d2cc8885e144ab43,wkr.py,192,192,38,0,0,0,0
git@github.com:wryfi/cfitall,690a84fe9fd820b8b77bc2bb1fe621231a2ed3f7,cfitall,17,0,0,17,17,0,0
git@github.com:wsilva32/poly_decomp.py,cb1a47f218e076772b9df137c1928023882df5e5,poly_decomp,23,23,23,0,0,0,0
git@github.com:wsmorgan/phonon-enumeration,5d7a8d8e3403cc387bdd58cf98a23e4751ea34dd,phonon-enumeration,632,3,3,629,629,0,0
git@github.com:wufeifei/dict,89e730dbc035da6b5ceb598833d2eafc5343864d,dict,4,4,4,0,0,0,0
git@github.com:ww-tech/primrose,bd9bb8d5d5aaf31d473d01645a862ac9d5fc6f8e,primrose,211,204,204,7,7,0,0
git@github.com:xaaaaav/nhlscrapy,1597be016b740332c2c42f48b802c75fff54812c,nhlscrapy,2,2,2,0,0,0,0
git@github.com:xbmc/addon-check,35cde58ed8b22b8df27efe232d9b2b2c25b079d5,addon-check,29,14,14,15,15,0,0
git@github.com:xenadevel/PyXenaValkyrie,92b45f1f37a5589cbdb9224a287fa0426d2c8d47,PyXenaValkyrie,20,20,20,0,0,0,0
git@github.com:yasufumy/lineflow,677ed8ba2374f084d58864c2027a7d0245e8f198,lineflow,175,0,0,175,175,0,0
git@github.com:ychnlgy/Cmaker,dc70f0edba931f3b8823e5b2946b68348c768d85,Cmaker,19,19,19,0,0,0,0
git@github.com:ylaizet/alphanum_code,fb5cd313dc41f046aac01ff01d6e1561d17894a6,alphanum-code,2,2,2,0,0,1,1
git@github.com:yoyowallet/django-idempotency-key,427e15fd8d42191131019209ec5e22197b2e7aac,django-idempotency-key,124,124,124,0,0,0,0
git@github.com:ysim/songtext,1806c18ea9b77dc3f065e19aa0fb88ee533d835c,songtext,7,7,7,0,0,0,0
git@github.com:yukinotenshi/pydeploy,e3ddf907b293c9da28503b3d72414a303c5dfbed,pydeploy,4,0,0,4,4,0,0
git@github.com:yukinotenshi/pyupload,32fb1ea1eb38c14e1fa2b23e7a923448625c1946,pyupload,4,0,0,4,4,0,0
git@github.com:zalandoresearch/flair,c37aa7874c9e99692a9ee7a22a8f8fa060a03819,flair,4,0,0,4,4,0,0
git@github.com:zdhoward/aud,2dfc81dad3da78537e1b1c6f5cc5630ba5b837f9,aud,10,10,10,0,0,2,2
git@github.com:zembrodt/pymdb,bca5a414fdcdbbc1f86ed5b284945665c1edf43f,pymdb,215,0,0,215,215,0,0
git@github.com:zengin-code/zengin-py,132d222bd4a7127e398e81fe7cbdf6e369a8e6cb,zengin_code,2,2,2,0,0,0,0
git@github.com:zerotosingularity/pdl,fd39c391101b3fe315631565a0f4eb7c99890789,pdl,9,9,9,0,0,1,1
git@github.com:ziliwang/GoogleFreeTrans,b1f067107b95005778ea8c019a7a903e77e25859,GoogleFreeTrans,4,4,4,0,0,0,0
git@github.com:zzzzlzzzz/jackfruit,350a41aa28e2bdc9367f9dd5e686b21125828589,jackfruit,55,55,37,0,0,0,0
